"ID"	"patient"	"time"	"response"	"Version"	"fpc1"	"fpc2"	"Y_sparse"	"Fits_sparse"	"residuals"
1	"1"	0	0.384378338225828	"baseline"	-0.376371985101061	0.142791118643046	0.384378338225828	-0.0515925633898418	0.43597090161567
1	"1"	0.0909090909090909	-0.860786685097803	"baseline"	-0.376371985101061	0.142791118643046	-0.860786685097803	-0.534802530104353	-0.32598415499345
1	"1"	0.181818181818182	-0.681203991159833	"baseline"	-0.376371985101061	0.142791118643046	-0.681203991159833	-0.644138084357985	-0.0370659068018483
1	"1"	0.272727272727273	-0.580419235509005	"baseline"	-0.376371985101061	0.142791118643046	-0.580419235509005	-0.506960960763973	-0.073458274745032
1	"1"	0.363636363636364	-0.779980650798384	"baseline"	-0.376371985101061	0.142791118643046	-0.779980650798384	-0.250632893935553	-0.529347756862831
1	"1"	0.454545454545455	-0.771620007630637	"baseline"	-0.376371985101061	0.142791118643046	-0.771620007630637	-0.00251561848596132	-0.769104389144675
1	"1"	0.545454545454545	-0.165688498937287	"baseline"	-0.376371985101061	0.142791118643046	-0.165688498937287	0.114268170656047	-0.279956669593334
1	"1"	0.636363636363636	-0.474867508592179	"baseline"	-0.376371985101061	0.142791118643046	-0.474867508592179	0.0734212994750411	-0.54828880806722
1	"1"	0.727272727272727	-0.378509679190703	"baseline"	-0.376371985101061	0.142791118643046	-0.378509679190703	-0.0537149346166581	-0.324794744574045
1	"1"	0.818181818181818	0.349615029143831	"baseline"	-0.376371985101061	0.142791118643046	0.349615029143831	-0.191812097242227	0.541427126386058
1	"1"	0.909090909090909	-0.177899513109355	"baseline"	-0.376371985101061	0.142791118643046	-0.177899513109355	-0.265541754024842	0.0876422409154871
1	"1"	1	1.50882932592753	"baseline"	-0.376371985101061	0.142791118643046	1.50882932592753	-0.19957547058768	1.70840479651521
2	"1_1x"	0	0.384378338225828	"shift_1x"	-0.240247689574398	0.107300057788275	0.384378338225828	-0.0408666477356591	0.425244985961487
2	"1_1x"	0.0909090909090909	-0.843344737836559	"shift_1x"	-0.240247689574398	0.107300057788275	-0.843344737836559	-0.462851319656378	-0.380493418180182
2	"1_1x"	0.181818181818182	-0.575474811428787	"shift_1x"	-0.240247689574398	0.107300057788275	-0.575474811428787	-0.53336327718544	-0.042111534243347
2	"1_1x"	0.272727272727273	-0.27027872806951	"shift_1x"	-0.240247689574398	0.107300057788275	-0.27027872806951	-0.375323719057883	0.105044990988373
2	"1_1x"	0.363636363636364	-0.385718701648781	"shift_1x"	-0.240247689574398	0.107300057788275	-0.385718701648781	-0.111653844008747	-0.274064857640034
2	"1_1x"	0.454545454545455	-0.289514374316359	"shift_1x"	-0.240247689574398	0.107300057788275	-0.289514374316359	0.13472514922693	-0.424239523543289
2	"1_1x"	0.545454545454545	0.242395023629113	"shift_1x"	-0.240247689574398	0.107300057788275	0.242395023629113	0.244917423533304	-0.00252239990419079
2	"1_1x"	0.636363636363636	-0.136138046275092	"shift_1x"	-0.240247689574398	0.107300057788275	-0.136138046275092	0.19215893557756	-0.328296981852652
2	"1_1x"	0.727272727272727	-0.199267436519214	"shift_1x"	-0.240247689574398	0.107300057788275	-0.199267436519214	0.0425877196673892	-0.241855156186603
2	"1_1x"	0.818181818181818	0.442876774021165	"shift_1x"	-0.240247689574398	0.107300057788275	0.442876774021165	-0.133870156064914	0.576746930086079
2	"1_1x"	0.909090909090909	-0.168837095892683	"shift_1x"	-0.240247689574398	0.107300057788275	-0.168837095892683	-0.267288623487054	0.0984515275943717
2	"1_1x"	1	1.50882932592753	"shift_1x"	-0.240247689574398	0.107300057788275	1.50882932592753	-0.287741614466735	1.79657094039426
3	"1_2x"	0	0.384378338225828	"shift_2x"	-0.0942184273779442	0.0689956714739414	0.384378338225828	-0.0296033373265542	0.413981675552382
3	"1_2x"	0.0909090909090909	-0.825902790575336	"shift_2x"	-0.0942184273779442	0.0689956714739414	-0.825902790575336	-0.385996757619388	-0.439906032955948
3	"1_2x"	0.181818181818182	-0.469745631697758	"shift_2x"	-0.0942184273779442	0.0689956714739414	-0.469745631697758	-0.41482343762095	-0.054922194076808
3	"1_2x"	0.272727272727273	0.0398617793698776	"shift_2x"	-0.0942184273779442	0.0689956714739414	0.0398617793698776	-0.234285957397079	0.274147736766957
3	"1_2x"	0.363636363636364	0.00854324750064477	"shift_2x"	-0.0942184273779442	0.0689956714739414	0.00854324750064477	0.0374131029863826	-0.0288698554857378
3	"1_2x"	0.454545454545455	0.192591258998063	"shift_2x"	-0.0942184273779442	0.0689956714739414	0.192591258998063	0.282071163463594	-0.0894799044655317
3	"1_2x"	0.545454545454545	0.65047854619551	"shift_2x"	-0.0942184273779442	0.0689956714739414	0.65047854619551	0.385283040881643	0.265195505313867
3	"1_2x"	0.636363636363636	0.202591416041936	"shift_2x"	-0.0942184273779442	0.0689956714739414	0.202591416041936	0.319767540187525	-0.117176124145589
3	"1_2x"	0.727272727272727	-0.0200251938477217	"shift_2x"	-0.0942184273779442	0.0689956714739414	-0.0200251938477217	0.146092591909419	-0.16611778575714
3	"1_2x"	0.818181818181818	0.536138518898496	"shift_2x"	-0.0942184273779442	0.0689956714739414	0.536138518898496	-0.0715983653377632	0.60773688423626
3	"1_2x"	0.909090909090909	-0.159774678676188	"shift_2x"	-0.0942184273779442	0.0689956714739414	-0.159774678676188	-0.269161892939108	0.10938721426292
3	"1_2x"	1	1.50882932592753	"shift_2x"	-0.0942184273779442	0.0689956714739414	1.50882932592753	-0.382454552279702	1.89128387820723
4	"1_4x"	0	0.384378338225828	"shift_4x"	0.193620368819489	-0.00729612560356215	0.384378338225828	-0.00823387790993387	0.392612216135762
4	"1_4x"	0.0909090909090909	-0.791018896052865	"shift_4x"	0.193620368819489	-0.00729612560356215	-0.791018896052865	-0.235644843778366	-0.5553740522745
4	"1_4x"	0.181818181818182	-0.258287272235702	"shift_4x"	0.193620368819489	-0.00729612560356215	-0.258287272235702	-0.1821798983309	-0.076107373904802
4	"1_4x"	0.272727272727273	0.660142794248654	"shift_4x"	0.193620368819489	-0.00729612560356215	0.660142794248654	0.0431051908705114	0.617037603378142
4	"1_4x"	0.363636363636364	0.797067145799854	"shift_4x"	0.193620368819489	-0.00729612560356215	0.797067145799854	0.331154656263917	0.465912489535937
4	"1_4x"	0.454545454545455	1.15680252562673	"shift_4x"	0.193620368819489	-0.00729612560356215	1.15680252562673	0.572912730287366	0.583889795339363
4	"1_4x"	0.545454545454545	1.46664559132831	"shift_4x"	0.193620368819489	-0.00729612560356215	1.46664559132831	0.662676016525124	0.803969574803183
4	"1_4x"	0.636363636363636	0.880050340676179	"shift_4x"	0.193620368819489	-0.00729612560356215	0.880050340676179	0.57208814954997	0.307962191126209
4	"1_4x"	0.727272727272727	0.338459291495082	"shift_4x"	0.193620368819489	-0.00729612560356215	0.338459291495082	0.350778082355548	-0.0123187908604658
4	"1_4x"	0.818181818181818	0.722662008653342	"shift_4x"	0.193620368819489	-0.00729612560356215	0.722662008653342	0.0515350097442622	0.67112699890908
4	"1_4x"	0.909090909090909	-0.14164984424284	"shift_4x"	0.193620368819489	-0.00729612560356215	-0.14164984424284	-0.272851873481484	0.131202029238644
4	"1_4x"	1	1.50882932592753	"shift_4x"	0.193620368819489	-0.00729612560356215	1.50882932592753	-0.569593372519288	2.07842269844682
5	"10"	0	0.0173250443389084	"baseline"	-0.215110190316812	0.14841536316667	0.0173250443389084	0.0113063382234311	0.00601870611547739
5	"10"	0.0909090909090909	-0.368695556834018	"baseline"	-0.215110190316812	0.14841536316667	-0.368695556834018	-0.380983943442126	0.0122883866081084
5	"10"	0.181818181818182	-0.585409198169386	"baseline"	-0.215110190316812	0.14841536316667	-0.585409198169386	-0.451908064919043	-0.133501133250343
5	"10"	0.272727272727273	-0.269051324620914	"baseline"	-0.215110190316812	0.14841536316667	-0.269051324620914	-0.314268933863266	0.0452176092423524
5	"10"	0.363636363636364	-0.202532672872814	"baseline"	-0.215110190316812	0.14841536316667	-0.202532672872814	-0.080869457930744	-0.12166321494207
5	"10"	0.454545454545455	-0.214511566799457	"baseline"	-0.215110190316812	0.14841536316667	-0.214511566799457	0.135487455222575	-0.349999022022032
5	"10"	0.545454545454545	-0.750866660168763	"baseline"	-0.215110190316812	0.14841536316667	-0.750866660168763	0.225724315049991	-0.976590975218754
5	"10"	0.636363636363636	0.118708301928703	"baseline"	-0.215110190316812	0.14841536316667	0.118708301928703	0.166359023267097	-0.0476507213383936
5	"10"	0.727272727272727	-0.876866497219138	"baseline"	-0.215110190316812	0.14841536316667	-0.876866497219138	0.020138243107512	-0.89700474032665
5	"10"	0.818181818181818	-0.0387037970461789	"baseline"	-0.215110190316812	0.14841536316667	-0.0387037970461789	-0.146660007338884	0.107956210292705
5	"10"	0.909090909090909	-0.0818322287970394	"baseline"	-0.215110190316812	0.14841536316667	-0.0818322287970394	-0.267757709982212	0.185925481185172
5	"10"	1	-0.324303997636545	"baseline"	-0.215110190316812	0.14841536316667	-0.324303997636545	-0.276876846732592	-0.0474271509039527
6	"10_1x"	0	0.0173250443389084	"shift_1x"	-0.0608487918242052	0.116181823004058	0.0173250443389084	0.0318703823642781	-0.0145453380253697
6	"10_1x"	0.0909090909090909	-0.350761518444495	"shift_1x"	-0.0608487918242052	0.116181823004058	-0.350761518444495	-0.287956308627593	-0.0628052098169019
6	"10_1x"	0.181818181818182	-0.47910524968041	"shift_1x"	-0.0608487918242052	0.116181823004058	-0.47910524968041	-0.316154188840249	-0.162951060840161
6	"10_1x"	0.272727272727273	0.0465381212591168	"shift_1x"	-0.0608487918242052	0.116181823004058	0.0465381212591168	-0.158936179904618	0.205474301163734
6	"10_1x"	0.363636363636364	0.204721855780007	"shift_1x"	-0.0608487918242052	0.116181823004058	0.204721855780007	0.0774847965483748	0.127237059231632
6	"10_1x"	0.454545454545455	0.282914548637734	"shift_1x"	-0.0608487918242052	0.116181823004058	0.282914548637734	0.2868958188878	-0.00398127025006656
6	"10_1x"	0.545454545454545	-0.355949646230115	"shift_1x"	-0.0608487918242052	0.116181823004058	-0.355949646230115	0.366523593509038	-0.722473239739153
6	"10_1x"	0.636363636363636	0.468715704645809	"shift_1x"	-0.0608487918242052	0.116181823004058	0.468715704645809	0.292921235639881	0.175794469005928
6	"10_1x"	0.727272727272727	-0.702607822727996	"shift_1x"	-0.0608487918242052	0.116181823004058	-0.702607822727996	0.12253166896295	-0.825139491690946
6	"10_1x"	0.818181818181818	0.0526163537000936	"shift_1x"	-0.0608487918242052	0.116181823004058	0.0526163537000936	-0.0849333025719357	0.137549656272029
6	"10_1x"	0.909090909090909	-0.0727217779382128	"shift_1x"	-0.0608487918242052	0.116181823004058	-0.0727217779382128	-0.269761875014959	0.197040097076746
6	"10_1x"	1	-0.324303997636545	"shift_1x"	-0.0608487918242052	0.116181823004058	-0.324303997636545	-0.372242244416302	0.0479382467797577
7	"10_2x"	0	0.0173250443389084	"shift_2x"	0.0743492553892996	0.0655288198642615	0.0173250443389084	0.0263046196488404	-0.00897957530993199
7	"10_2x"	0.0909090909090909	-0.332827480054972	"shift_2x"	0.0743492553892996	0.0655288198642615	-0.332827480054972	-0.238655173867665	-0.094172306187307
7	"10_2x"	0.181818181818182	-0.372801301191402	"shift_2x"	0.0743492553892996	0.0655288198642615	-0.372801301191402	-0.225843792644038	-0.146957508547364
7	"10_2x"	0.272727272727273	0.36212756713897	"shift_2x"	0.0743492553892996	0.0655288198642615	0.36212756713897	-0.0400684016151661	0.402195968754136
7	"10_2x"	0.363636363636364	0.611976384432828	"shift_2x"	0.0743492553892996	0.0655288198642615	0.611976384432828	0.213863834284063	0.398112550148765
7	"10_2x"	0.454545454545455	0.780340664074924	"shift_2x"	0.0743492553892996	0.0655288198642615	0.780340664074924	0.431145750118761	0.349194913956163
7	"10_2x"	0.545454545454545	0.0389673677086049	"shift_2x"	0.0743492553892996	0.0655288198642615	0.0389673677086049	0.510281755880819	-0.471314388172214
7	"10_2x"	0.636363636363636	0.818723107362735	"shift_2x"	0.0743492553892996	0.0655288198642615	0.818723107362735	0.426272916454271	0.392450190908463
7	"10_2x"	0.727272727272727	-0.528349148236852	"shift_2x"	0.0743492553892996	0.0655288198642615	-0.528349148236852	0.231179670319398	-0.75952881855625
7	"10_2x"	0.818181818181818	0.143936504446546	"shift_2x"	0.0743492553892996	0.0655288198642615	0.143936504446546	-0.0197953518698588	0.163731856316405
7	"10_2x"	0.909090909090909	-0.0636113270793862	"shift_2x"	0.0743492553892996	0.0655288198642615	-0.0636113270793862	-0.271449519459556	0.20783819238017
7	"10_2x"	1	-0.324303997636545	"shift_2x"	0.0743492553892996	0.0655288198642615	-0.324303997636545	-0.468580201795751	0.144276204159206
8	"10_4x"	0	0.0173250443389084	"shift_4x"	0.370467551288632	-0.000357796811886959	0.0173250443389084	0.0615552842428294	-0.044230239903921
8	"10_4x"	0.0909090909090909	-0.296959403275926	"shift_4x"	0.370467551288632	-0.000357796811886959	-0.296959403275926	-0.0658517031926435	-0.231107700083283
8	"10_4x"	0.181818181818182	-0.160193404213486	"shift_4x"	0.370467551288632	-0.000357796811886959	-0.160193404213486	0.0296144581494996	-0.189807862362986
8	"10_4x"	0.272727272727273	0.993306458899033	"shift_4x"	0.370467551288632	-0.000357796811886959	0.993306458899033	0.255014183529711	0.738292275369323
8	"10_4x"	0.363636363636364	1.42648544173865	"shift_4x"	0.370467551288632	-0.000357796811886959	1.42648544173865	0.517407888208441	0.909077553530206
8	"10_4x"	0.454545454545455	1.77519289494931	"shift_4x"	0.370467551288632	-0.000357796811886959	1.77519289494931	0.723855987446142	1.05133690750316
8	"10_4x"	0.545454545454545	0.828801395586047	"shift_4x"	0.370467551288632	-0.000357796811886959	0.828801395586047	0.784203794794816	0.0445976007912311
8	"10_4x"	0.636363636363636	1.51873791279677	"shift_4x"	0.370467551288632	-0.000357796811886959	1.51873791279677	0.673236530303608	0.845501382493158
8	"10_4x"	0.727272727272727	-0.179831799254586	"shift_4x"	0.370467551288632	-0.000357796811886959	-0.179831799254586	0.431118585077783	-0.610950384332369
8	"10_4x"	0.818181818181818	0.326576805939447	"shift_4x"	0.370467551288632	-0.000357796811886959	0.326576805939447	0.100671205556396	0.225905600383051
8	"10_4x"	0.909090909090909	-0.0453904253619132	"shift_4x"	0.370467551288632	-0.000357796811886959	-0.0453904253619132	-0.275284361821495	0.229893936459582
8	"10_4x"	1	-0.324303997636545	"shift_4x"	0.370467551288632	-0.000357796811886959	-0.324303997636545	-0.653926870616836	0.329622872980291
9	"2"	0	1.19768281317459	"baseline"	0.00910425674055113	0.213444706654097	1.19768281317459	0.158996882908569	1.03868593026602
9	"2"	0.0909090909090909	-0.201462947314526	"baseline"	0.00910425674055113	0.213444706654097	-0.201462947314526	-0.084812626365978	-0.116650320948548
9	"2"	0.181818181818182	0.922214873008057	"baseline"	0.00910425674055113	0.213444706654097	0.922214873008057	-0.11142931296137	1.03364418596943
9	"2"	0.272727272727273	-0.0987767223536207	"baseline"	0.00910425674055113	0.213444706654097	-0.0987767223536207	-0.00225467184964973	-0.0965220505039709
9	"2"	0.363636363636364	-1.07194528952572	"baseline"	0.00910425674055113	0.213444706654097	-1.07194528952572	0.16130980199714	-1.23325509152286
9	"2"	0.454545454545455	-0.652742649278605	"baseline"	0.00910425674055113	0.213444706654097	-0.652742649278605	0.297862613606954	-0.950605262885559
9	"2"	0.545454545454545	-0.436515496304441	"baseline"	0.00910425674055113	0.213444706654097	-0.436515496304441	0.328700939412299	-0.76521643571674
9	"2"	0.636363636363636	0.273258017165204	"baseline"	0.00910425674055113	0.213444706654097	0.273258017165204	0.238298936301934	0.0349590808632707
9	"2"	0.727272727272727	0.467294986026982	"baseline"	0.00910425674055113	0.213444706654097	0.467294986026982	0.07453656557896	0.392758420448022
9	"2"	0.818181818181818	0.323184859493752	"baseline"	0.00910425674055113	0.213444706654097	0.323184859493752	-0.112072488038576	0.435257347532328
9	"2"	0.909090909090909	0.96716066585356	"baseline"	0.00910425674055113	0.213444706654097	0.96716066585356	-0.271014539832628	1.23817520568619
9	"2"	1	-1.9212501758277	"baseline"	0.00910425674055113	0.213444706654097	-1.9212501758277	-0.35177590508515	-1.56947427074255
10	"2_1x"	0	1.19768281317459	"shift_1x"	0.162211192484354	0.17414005905653	1.19768281317459	0.171707673458986	1.0259751397156
10	"2_1x"	0.0909090909090909	-0.183361676315425	"shift_1x"	0.162211192484354	0.17414005905653	-0.183361676315425	-0.00300124365894816	-0.180360432656477
10	"2_1x"	0.181818181818182	1.03756456592403	"shift_1x"	0.162211192484354	0.17414005905653	1.03756456592403	0.0139515453578615	1.02361302056616
10	"2_1x"	0.272727272727273	0.219792529065932	"shift_1x"	0.162211192484354	0.17414005905653	0.219792529065932	0.146278883567605	0.0735136454983264
10	"2_1x"	0.363636363636364	-0.684252544747549	"shift_1x"	0.162211192484354	0.17414005905653	-0.684252544747549	0.317693614028474	-1.00194615877602
10	"2_1x"	0.454545454545455	-0.167367888609618	"shift_1x"	0.162211192484354	0.17414005905653	-0.167367888609618	0.451908579798655	-0.619276468408273
10	"2_1x"	0.545454545454545	-0.0345255811787203	"shift_1x"	0.162211192484354	0.17414005905653	-0.0345255811787203	0.475091602800593	-0.509617183979313
10	"2_1x"	0.636363636363636	0.626201864471677	"shift_1x"	0.162211192484354	0.17414005905653	0.626201864471677	0.371235123511052	0.254966740960625
10	"2_1x"	0.727272727272727	0.654995275350684	"shift_1x"	0.162211192484354	0.17414005905653	0.654995275350684	0.182335372618296	0.472659902732388
10	"2_1x"	0.818181818181818	0.416314453522858	"shift_1x"	0.162211192484354	0.17414005905653	0.416314453522858	-0.0472044722492727	0.463518925772131
10	"2_1x"	0.909090909090909	0.976795613159755	"shift_1x"	0.162211192484354	0.17414005905653	0.976795613159755	-0.272981233463253	1.24977684662301
10	"2_1x"	1	-1.9212501758277	"shift_1x"	0.162211192484354	0.17414005905653	-1.9212501758277	-0.450591733395242	-1.47065844243246
11	"2_2x"	0	1.19768281317459	"shift_2x"	0.298455617040955	0.137161315275791	1.19768281317459	0.180909611742383	1.0167732014322
11	"2_2x"	0.0909090909090909	-0.165260405316507	"shift_2x"	0.298455617040955	0.137161315275791	-0.165260405316507	0.0669182365054461	-0.232178641821953
11	"2_2x"	0.181818181818182	1.15291425884017	"shift_2x"	0.298455617040955	0.137161315275791	1.15291425884017	0.12296051075575	1.02995374808442
11	"2_2x"	0.272727272727273	0.538361780485662	"shift_2x"	0.298455617040955	0.137161315275791	0.538361780485662	0.276909657084322	0.26145212340134
11	"2_2x"	0.363636363636364	-0.296559799969344	"shift_2x"	0.298455617040955	0.137161315275791	-0.296559799969344	0.456638898082188	-0.753198698051533
11	"2_2x"	0.454545454545455	0.318006872059403	"shift_2x"	0.298455617040955	0.137161315275791	0.318006872059403	0.590021456340377	-0.272014584280974
11	"2_2x"	0.545454545454545	0.367464333946945	"shift_2x"	0.298455617040955	0.137161315275791	0.367464333946945	0.607179624868092	-0.239715290921147
11	"2_2x"	0.636363636363636	0.979145711778149	"shift_2x"	0.298455617040955	0.137161315275791	0.979145711778149	0.491535660908568	0.487610050869581
11	"2_2x"	0.727272727272727	0.842695564674209	"shift_2x"	0.298455617040955	0.137161315275791	0.842695564674209	0.279952195498735	0.562743369175474
11	"2_2x"	0.818181818181818	0.509444047551963	"shift_2x"	0.298455617040955	0.137161315275791	0.509444047551963	0.0115062463643088	0.497937801187655
11	"2_2x"	0.909090909090909	0.986430560465771	"shift_2x"	0.298455617040955	0.137161315275791	0.986430560465771	-0.274725168768995	1.26115572923477
11	"2_2x"	1	-1.9212501758277	"shift_2x"	0.298455617040955	0.137161315275791	-1.9212501758277	-0.539665032175461	-1.38158514365224
12	"2_4x"	0	1.19768281317459	"shift_4x"	0.58635491968984	0.0520910357243714	1.19768281317459	0.193057349166383	1.0046254640082
12	"2_4x"	0.0909090909090909	-0.129057863318488	"shift_4x"	0.58635491968984	0.0520910357243714	-0.129057863318488	0.204695475349485	-0.333753338667973
12	"2_4x"	0.181818181818182	1.38361364467211	"shift_4x"	0.58635491968984	0.0520910357243714	1.38361364467211	0.344440295073224	1.03917334959889
12	"2_4x"	0.272727272727273	1.17550028332495	"shift_4x"	0.58635491968984	0.0520910357243714	1.17550028332495	0.547604581192416	0.627895702132529
12	"2_4x"	0.363636363636364	0.47882568958689	"shift_4x"	0.58635491968984	0.0520910357243714	0.47882568958689	0.749501106561877	-0.270675416974987
12	"2_4x"	0.454545454545455	1.28875639339745	"shift_4x"	0.58635491968984	0.0520910357243714	1.28875639339745	0.885442644036422	0.403313749361024
12	"2_4x"	0.545454545454545	1.17144416419809	"shift_4x"	0.58635491968984	0.0520910357243714	1.17144416419809	0.892593799339587	0.278850364858507
12	"2_4x"	0.636363636363636	1.68503340639109	"shift_4x"	0.58635491968984	0.0520910357243714	1.68503340639109	0.752682306924665	0.932351099466428
12	"2_4x"	0.727272727272727	1.21809614332144	"shift_4x"	0.58635491968984	0.0520910357243714	1.21809614332144	0.492076290205233	0.726019853116203
12	"2_4x"	0.818181818181818	0.695703235610355	"shift_4x"	0.58635491968984	0.0520910357243714	0.695703235610355	0.138983329261725	0.55671990634863
12	"2_4x"	0.909090909090909	1.00570045507798	"shift_4x"	0.58635491968984	0.0520910357243714	1.00570045507798	-0.278388995825428	1.28408945090341
12	"2_4x"	1	-1.9212501758277	"shift_4x"	0.58635491968984	0.0520910357243714	-1.9212501758277	-0.731833104975792	-1.18941707085191
13	"3"	0	0.93172741741749	"baseline"	-0.176387711965288	0.291543345554892	0.93172741741749	0.175691055361382	0.756036362056107
13	"3"	0.0909090909090909	-0.235580701350693	"baseline"	-0.176387711965288	0.291543345554892	-0.235580701350693	-0.140077521042836	-0.095503180307857
13	"3"	0.181818181818182	0.373510910429787	"baseline"	-0.176387711965288	0.291543345554892	0.373510910429787	-0.224327192609491	0.597838103039277
13	"3"	0.272727272727273	0.201388673855492	"baseline"	-0.176387711965288	0.291543345554892	0.201388673855492	-0.158710144161178	0.360098818016669
13	"3"	0.363636363636364	-1.48707775394457	"baseline"	-0.176387711965288	0.291543345554892	-1.48707775394457	-0.0248785605204901	-1.46219919342408
13	"3"	0.454545454545455	-0.72905872468856	"baseline"	-0.176387711965288	0.291543345554892	-0.72905872468856	0.0955153734899766	-0.824574098178536
13	"3"	0.545454545454545	-1.67801380801227	"baseline"	-0.176387711965288	0.291543345554892	-1.67801380801227	0.123646825096125	-1.80166063310839
13	"3"	0.636363636363636	0.594380877887955	"baseline"	-0.176387711965288	0.291543345554892	0.594380877887955	0.0467272011729822	0.547653676714973
13	"3"	0.727272727272727	-0.274882100829228	"baseline"	-0.176387711965288	0.291543345554892	-0.274882100829228	-0.0817893799386695	-0.193092720890558
13	"3"	0.818181818181818	-0.54524248482684	"baseline"	-0.176387711965288	0.291543345554892	-0.54524248482684	-0.20568094644445	-0.33956153838239
13	"3"	0.909090909090909	-1.03419040016799	"baseline"	-0.176387711965288	0.291543345554892	-1.03419040016799	-0.268725526549979	-0.765464873618011
13	"3"	1	-1.23666860153301	"baseline"	-0.176387711965288	0.291543345554892	-1.23666860153301	-0.214701148460877	-1.02196745307213
14	"3_1x"	0	0.93172741741749	"shift_1x"	-0.0324438659307082	0.253527793262484	0.93172741741749	0.18652166807509	0.7452057493424
14	"3_1x"	0.0909090909090909	-0.217513548105784	"shift_1x"	-0.0324438659307082	0.253527793262484	-0.217513548105784	-0.0646919458688532	-0.152821602236931
14	"3_1x"	0.181818181818182	0.485568379570428	"shift_1x"	-0.0324438659307082	0.253527793262484	0.485568379570428	-0.107810576668237	0.593378956238665
14	"3_1x"	0.272727272727273	0.52521081970887	"shift_1x"	-0.0324438659307082	0.253527793262484	0.52521081970887	-0.0198855369574773	0.545096356666347
14	"3_1x"	0.363636363636364	-1.10872548961583	"shift_1x"	-0.0324438659307082	0.253527793262484	-1.10872548961583	0.122031860629009	-1.23075735024484
14	"3_1x"	0.454545454545455	-0.24578265609342	"shift_1x"	-0.0324438659307082	0.253527793262484	-0.24578265609342	0.240890303456805	-0.486672959550225
14	"3_1x"	0.545454545454545	-1.30395760490005	"shift_1x"	-0.0324438659307082	0.253527793262484	-1.30395760490005	0.262242532580781	-1.56620013748083
14	"3_1x"	0.636363636363636	0.953426059548195	"shift_1x"	-0.0324438659307082	0.253527793262484	0.953426059548195	0.172771946069185	0.78065411347901
14	"3_1x"	0.727272727272727	-0.0946035823742854	"shift_1x"	-0.0324438659307082	0.253527793262484	-0.0946035823742854	0.020455268045655	-0.11505885041994
14	"3_1x"	0.818181818181818	-0.456455027519315	"shift_1x"	-0.0324438659307082	0.253527793262484	-0.456455027519315	-0.144171223539187	-0.312283803980128
14	"3_1x"	0.909090909090909	-1.02555612839491	"shift_1x"	-0.0324438659307082	0.253527793262484	-1.02555612839491	-0.270571250734721	-0.75498487766019
14	"3_1x"	1	-1.23666860153301	"shift_1x"	-0.0324438659307082	0.253527793262484	-1.23666860153301	-0.308208535590328	-0.928460065942682
15	"3_2x"	0	0.93172741741749	"shift_2x"	0.114446440443146	0.214830673626843	0.93172741741749	0.197675682963034	0.734051734454455
15	"3_2x"	0.0909090909090909	-0.199446394860876	"shift_2x"	0.114446440443146	0.214830673626843	-0.199446394860876	0.0123757001133704	-0.211822094974246
15	"3_2x"	0.181818181818182	0.597625848710895	"shift_2x"	0.114446440443146	0.214830673626843	0.597625848710895	0.0112146798966158	0.586411168814279
15	"3_2x"	0.272727272727273	0.849032965562251	"shift_2x"	0.114446440443146	0.214830673626843	0.849032965562251	0.12185520061125	0.727177764951001
15	"3_2x"	0.363636363636364	-0.730373225287085	"shift_2x"	0.114446440443146	0.214830673626843	-0.730373225287085	0.271959840555753	-1.00233306584284
15	"3_2x"	0.454545454545455	0.237493412501898	"shift_2x"	0.114446440443146	0.214830673626843	0.237493412501898	0.389191178028605	-0.151697765526707
15	"3_2x"	0.545454545454545	-0.929901401787819	"shift_2x"	0.114446440443146	0.214830673626843	-0.929901401787819	0.403587448027039	-1.33348884981486
15	"3_2x"	0.636363636363636	1.31247124120843	"shift_2x"	0.114446440443146	0.214830673626843	1.31247124120843	0.301300056645646	1.01117118456279
15	"3_2x"	0.727272727272727	0.085674936080837	"shift_2x"	0.114446440443146	0.214830673626843	0.085674936080837	0.124711289257113	-0.0390363531762764
15	"3_2x"	0.818181818181818	-0.367667570211716	"shift_2x"	0.114446440443146	0.214830673626843	-0.367667570211716	-0.0814500239647213	-0.286217546246995
15	"3_2x"	0.909090909090909	-1.01692185662182	"shift_2x"	0.114446440443146	0.214830673626843	-1.01692185662182	-0.27245505284602	-0.744466803775798
15	"3_2x"	1	-1.23666860153301	"shift_2x"	0.114446440443146	0.214830673626843	-1.23666860153301	-0.403574967212945	-0.833093634320064
16	"3_4x"	0	0.93172741741749	"shift_4x"	0.398338908984443	0.141487028415419	0.93172741741749	0.22075501505418	0.710972402363309
16	"3_4x"	0.0909090909090909	-0.163312088370881	"shift_4x"	0.398338908984443	0.141487028415419	-0.163312088370881	0.163402865514419	-0.3267149538853
16	"3_4x"	0.181818181818182	0.821740786992181	"shift_4x"	0.398338908984443	0.141487028415419	0.821740786992181	0.243102704801406	0.578638082190776
16	"3_4x"	0.272727272727273	1.49667725726883	"shift_4x"	0.398338908984443	0.141487028415419	1.49667725726883	0.396909553721335	1.0997677035475
16	"3_4x"	0.363636363636364	0.0263313033704959	"shift_4x"	0.398338908984443	0.141487028415419	0.0263313033704959	0.561878433080403	-0.535547129709908
16	"3_4x"	0.454545454545455	1.20404554969235	"shift_4x"	0.398338908984443	0.141487028415419	1.20404554969235	0.675064363684806	0.528981186007548
16	"3_4x"	0.545454545454545	-0.181788995563352	"shift_4x"	0.398338908984443	0.141487028415419	-0.181788995563352	0.67544870435821	-0.857237699921563
16	"3_4x"	0.636363636363636	2.03056160452874	"shift_4x"	0.398338908984443	0.141487028415419	2.03056160452874	0.548256833307372	1.48230477122136
16	"3_4x"	0.727272727272727	0.446231972990902	"shift_4x"	0.398338908984443	0.141487028415419	0.446231972990902	0.324985048004064	0.121246924986837
16	"3_4x"	0.818181818181818	-0.190092655596697	"shift_4x"	0.398338908984443	0.141487028415419	-0.190092655596697	0.0390578425706087	-0.229150498167306
16	"3_4x"	0.909090909090909	-0.999653313075665	"shift_4x"	0.398338908984443	0.141487028415419	-0.999653313075665	-0.276100288870674	-0.723553024204991
16	"3_4x"	1	-1.23666860153301	"shift_4x"	0.398338908984443	0.141487028415419	-1.23666860153301	-0.587064852197462	-0.649603749335547
17	"4"	0	0.992950030005634	"baseline"	-0.378250194019705	0.26009741932881	0.992950030005634	0.0712587848399533	0.92169124516568
17	"4"	0.0909090909090909	-2.01293284803849	"baseline"	-0.378250194019705	0.26009741932881	-2.01293284803849	-0.367734573412586	-1.64519827462591
17	"4"	0.181818181818182	-0.636479368117898	"baseline"	-0.378250194019705	0.26009741932881	-0.636479368117898	-0.496184881945492	-0.140294486172407
17	"4"	0.272727272727273	0.0172397921773078	"baseline"	-0.378250194019705	0.26009741932881	0.0172397921773078	-0.41872913232922	0.435968924506528
17	"4"	0.363636363636364	0.873436929947636	"baseline"	-0.378250194019705	0.26009741932881	0.873436929947636	-0.24000431613423	1.11344124608187
17	"4"	0.454545454545455	-1.18286222789861	"baseline"	-0.378250194019705	0.26009741932881	-1.18286222789861	-0.0646474249309769	-1.11821480296763
17	"4"	0.545454545454545	-0.739103760148378	"baseline"	-0.378250194019705	0.26009741932881	-0.739103760148378	0.00630820155061451	-0.745411961698993
17	"4"	0.636363636363636	-1.83928894240643	"baseline"	-0.378250194019705	0.26009741932881	-1.83928894240643	-0.0451742806622226	-1.79411466174421
17	"4"	0.727272727272727	-0.852304173676819	"baseline"	-0.378250194019705	0.26009741932881	-0.852304173676819	-0.153637890279269	-0.698666283397551
17	"4"	0.818181818181818	-0.863577268188037	"baseline"	-0.378250194019705	0.26009741932881	-0.863577268188037	-0.250174668716091	-0.613402599471947
17	"4"	0.909090909090909	1.01492934816321	"baseline"	-0.378250194019705	0.26009741932881	1.01492934816321	-0.265876657388255	1.28080600555147
17	"4"	1	0.200793586790951	"baseline"	-0.378250194019705	0.26009741932881	0.200793586790951	-0.131835897711329	0.33262948450228
18	"4_1x"	0	0.992950030005634	"shift_1x"	-0.229106087851642	0.224061493192594	0.992950030005634	0.0860111539523337	0.9069388760533
18	"4_1x"	0.0909090909090909	-1.9966430469402	"shift_1x"	-0.229106087851642	0.224061493192594	-1.9966430469402	-0.284801657056708	-1.71184138988349
18	"4_1x"	0.181818181818182	-0.530481840648607	"shift_1x"	-0.229106087851642	0.224061493192594	-0.530481840648607	-0.371168263033884	-0.159313577614723
18	"4_1x"	0.272727272727273	0.337839332601369	"shift_1x"	-0.229106087851642	0.224061493192594	0.337839332601369	-0.272304535396605	0.610143867997974
18	"4_1x"	0.363636363636364	1.30490077466405	"shift_1x"	-0.229106087851642	0.224061493192594	1.30490077466405	-0.087426345562285	1.39232712022633
18	"4_1x"	0.454545454545455	-0.712065755641652	"shift_1x"	-0.229106087851642	0.224061493192594	-0.712065755641652	0.084250435051664	-0.796316190693316
18	"4_1x"	0.545454545454545	-0.343922080959257	"shift_1x"	-0.229106087851642	0.224061493192594	-0.343922080959257	0.146863899097537	-0.490785980056794
18	"4_1x"	0.636363636363636	-1.52648348733183	"shift_1x"	-0.229106087851642	0.224061493192594	-1.52648348733183	0.082067031699477	-1.6085505190313
18	"4_1x"	0.727272727272727	-0.677799875950261	"shift_1x"	-0.229106087851642	0.224061493192594	-0.677799875950261	-0.0505294215195163	-0.627270454430745
18	"4_1x"	0.818181818181818	-0.776381484797321	"shift_1x"	-0.229106087851642	0.224061493192594	-0.776381484797321	-0.188095030879503	-0.588286453917818
18	"4_1x"	0.909090909090909	1.02458817981032	"shift_1x"	-0.229106087851642	0.224061493192594	1.02458817981032	-0.267799366700542	1.29238754651086
18	"4_1x"	1	0.200793586790951	"shift_1x"	-0.229106087851642	0.224061493192594	0.200793586790951	-0.226811999302694	0.427605586093644
19	"4_2x"	0	0.992950030005634	"shift_2x"	-0.0863909842803519	0.186302128597194	0.992950030005634	0.0966773745486981	0.896272655456936
19	"4_2x"	0.0909090909090909	-1.9803532458419	"shift_2x"	-0.0863909842803519	0.186302128597194	-1.9803532458419	-0.210157887355493	-1.77019535848641
19	"4_2x"	0.181818181818182	-0.4244843131793	"shift_2x"	-0.0863909842803519	0.186302128597194	-0.4244843131793	-0.255733691503108	-0.168750621676192
19	"4_2x"	0.272727272727273	0.658438873025251	"shift_2x"	-0.0863909842803519	0.186302128597194	0.658438873025251	-0.134717638331242	0.793156511356493
19	"4_2x"	0.363636363636364	1.73636461938028	"shift_2x"	-0.0863909842803519	0.186302128597194	1.73636461938028	0.05822267172301	1.67814194765727
19	"4_2x"	0.454545454545455	-0.241269283384643	"shift_2x"	-0.0863909842803519	0.186302128597194	-0.241269283384643	0.228419638222552	-0.469688921607195
19	"4_2x"	0.545454545454545	0.0512595982299738	"shift_2x"	-0.0863909842803519	0.186302128597194	0.0512595982299738	0.28433860592065	-0.233079007690677
19	"4_2x"	0.636363636363636	-1.21367803225722	"shift_2x"	-0.0863909842803519	0.186302128597194	-1.21367803225722	0.207104230868688	-1.42078226312591
19	"4_2x"	0.727272727272727	-0.503295578223705	"shift_2x"	-0.0863909842803519	0.186302128597194	-0.503295578223705	0.0509001045234983	-0.554195682747203
19	"4_2x"	0.818181818181818	-0.689185701406586	"shift_2x"	-0.0863909842803519	0.186302128597194	-0.689185701406586	-0.12707670393465	-0.562108997471936
19	"4_2x"	0.909090909090909	1.03424701145761	"shift_2x"	-0.0863909842803519	0.186302128597194	1.03424701145761	-0.269629125325489	1.3038761367831
19	"4_2x"	1	0.200793586790951	"shift_2x"	-0.0863909842803519	0.186302128597194	0.200793586790951	-0.31956009046875	0.520353677259701
20	"4_4x"	0	0.992950030005634	"shift_4x"	0.205733723763817	0.119945510415686	0.992950030005634	0.130022148305659	0.862927881699974
20	"4_4x"	0.0909090909090909	-1.94777364364531	"shift_4x"	0.205733723763817	0.119945510415686	-1.94777364364531	-0.0416394725729979	-1.90613417107231
20	"4_4x"	0.181818181818182	-0.212489258240652	"shift_4x"	0.205733723763817	0.119945510415686	-0.212489258240652	-0.00545914214954252	-0.207030116091109
20	"4_4x"	0.272727272727273	1.2996379538732	"shift_4x"	0.205733723763817	0.119945510415686	1.2996379538732	0.155338066022311	1.14429988785088
20	"4_4x"	0.363636363636364	2.59929230881293	"shift_4x"	0.205733723763817	0.119945510415686	2.59929230881293	0.357527078388849	2.24176523042408
20	"4_4x"	0.454545454545455	0.70032366112913	"shift_4x"	0.205733723763817	0.119945510415686	0.70032366112913	0.517882821396356	0.182440839732774
20	"4_4x"	0.545454545454545	0.841622956608255	"shift_4x"	0.205733723763817	0.119945510415686	0.841622956608255	0.555801016908473	0.285821939699782
20	"4_4x"	0.636363636363636	-0.58806712210799	"shift_4x"	0.205733723763817	0.119945510415686	-0.58806712210799	0.452097394284392	-1.04016451639238
20	"4_4x"	0.727272727272727	-0.154286982770501	"shift_4x"	0.205733723763817	0.119945510415686	-0.154286982770501	0.249289202824106	-0.403576185594607
20	"4_4x"	0.818181818181818	-0.514794134625132	"shift_4x"	0.205733723763817	0.119945510415686	-0.514794134625132	-0.0075653543180507	-0.507228780307082
20	"4_4x"	0.909090909090909	1.05356467475219	"shift_4x"	0.205733723763817	0.119945510415686	1.05356467475219	-0.273408073987741	1.32697274873993
20	"4_4x"	1	0.200793586790951	"shift_4x"	0.205733723763817	0.119945510415686	0.200793586790951	-0.503180753030628	0.703974339821579
21	"5"	0	-0.325287117705572	"baseline"	-0.0686184344410326	0.14308847317625	-0.325287117705572	0.0574559489547191	-0.382743066660291
21	"5"	0.0909090909090909	0.565208210951721	"baseline"	-0.0686184344410326	0.14308847317625	0.565208210951721	-0.256267655744352	0.821475866696074
21	"5"	0.181818181818182	-0.620873208168733	"baseline"	-0.0686184344410326	0.14308847317625	-0.620873208168733	-0.290638671558354	-0.330234536610379
21	"5"	0.272727272727273	-0.438549552035609	"baseline"	-0.0686184344410326	0.14308847317625	-0.438549552035609	-0.147270255253585	-0.291279296782024
21	"5"	0.363636363636364	-0.170632437520229	"baseline"	-0.0686184344410326	0.14308847317625	-0.170632437520229	0.0722244364036545	-0.242856873923884
21	"5"	0.454545454545455	0.787188448814702	"baseline"	-0.0686184344410326	0.14308847317625	0.787188448814702	0.266232246647065	0.520956202167637
21	"5"	0.545454545454545	0.084251361247413	"baseline"	-0.0686184344410326	0.14308847317625	0.084251361247413	0.336455882991804	-0.252204521744391
21	"5"	0.636363636363636	-0.0892303629521638	"baseline"	-0.0686184344410326	0.14308847317625	-0.0892303629521638	0.261233113885231	-0.350463476837394
21	"5"	0.727272727272727	-1.55375973334395	"baseline"	-0.0686184344410326	0.14308847317625	-1.55375973334395	0.0960352537562782	-1.64979498710023
21	"5"	0.818181818181818	-0.205587449556587	"baseline"	-0.0686184344410326	0.14308847317625	-0.205587449556587	-0.100500920785771	-0.105086528770816
21	"5"	0.909090909090909	-0.314420025734689	"baseline"	-0.0686184344410326	0.14308847317625	-0.314420025734689	-0.269738633131634	-0.0446813926030556
21	"5"	1	-1.07631042460055	"baseline"	-0.0686184344410326	0.14308847317625	-1.07631042460055	-0.353041106672029	-0.723269317928523
22	"5_1x"	0	-0.325287117705572	"shift_1x"	0.0769501812125644	0.101446442174141	-0.325287117705572	0.0650422080329571	-0.390329325738529
22	"5_1x"	0.0909090909090909	0.584076153108987	"shift_1x"	0.0769501812125644	0.101446442174141	0.584076153108987	-0.184631139678023	0.76870729278701
22	"5_1x"	0.181818181818182	-0.514782043739746	"shift_1x"	0.0769501812125644	0.101446442174141	-0.514782043739746	-0.176898320817498	-0.337883722922248
22	"5_1x"	0.272727272727273	-0.125926325135473	"shift_1x"	0.0769501812125644	0.101446442174141	-0.125926325135473	-0.00934336150123424	-0.116582963634238
22	"5_1x"	0.363636363636364	0.237339846428046	"shift_1x"	0.0769501812125644	0.101446442174141	0.237339846428046	0.220449712155	0.0168901342730457
22	"5_1x"	0.454545454545455	1.31216131468143	"shift_1x"	0.0769501812125644	0.101446442174141	1.31216131468143	0.414896874035437	0.897264440645993
22	"5_1x"	0.545454545454545	0.497958530667879	"shift_1x"	0.0769501812125644	0.101446442174141	0.497958530667879	0.479521615304184	0.0184369153636955
22	"5_1x"	0.636363636363636	0.256826205131934	"shift_1x"	0.0769501812125644	0.101446442174141	0.256826205131934	0.391901819220837	-0.135075614088902
22	"5_1x"	0.727272727272727	-1.38626999121406	"shift_1x"	0.0769501812125644	0.101446442174141	-1.38626999121406	0.202132603939302	-1.58840259515336
22	"5_1x"	0.818181818181818	-0.115101717072635	"shift_1x"	0.0769501812125644	0.101446442174141	-0.115101717072635	-0.0367213506467582	-0.0783803664258772
22	"5_1x"	0.909090909090909	-0.305425868774276	"shift_1x"	0.0769501812125644	0.101446442174141	-0.305425868774276	-0.271595364643683	-0.0338305041305927
22	"5_1x"	1	-1.07631042460055	"shift_1x"	0.0769501812125644	0.101446442174141	-1.07631042460055	-0.44942475815781	-0.626885666442742
23	"5_2x"	0	-0.325287117705572	"shift_2x"	0.224312150623881	0.0614009123286357	-0.325287117705572	0.0749430934574396	-0.400230211163011
23	"5_2x"	0.0909090909090909	0.602944095266249	"shift_2x"	0.224312150623881	0.0614009123286357	0.602944095266249	-0.109077186205901	0.71202128147215
23	"5_2x"	0.181818181818182	-0.408690879310704	"shift_2x"	0.224312150623881	0.0614009123286357	-0.408690879310704	-0.0590573359812667	-0.349633543329437
23	"5_2x"	0.272727272727273	0.186696901764897	"shift_2x"	0.224312150623881	0.0614009123286357	0.186696901764897	0.131908864130612	0.0547880376342853
23	"5_2x"	0.363636363636364	0.645312130376321	"shift_2x"	0.224312150623881	0.0614009123286357	0.645312130376321	0.370727634129003	0.274584496247318
23	"5_2x"	0.454545454545455	1.83713418054798	"shift_2x"	0.224312150623881	0.0614009123286357	1.83713418054798	0.564305194013173	1.27282898653481
23	"5_2x"	0.545454545454545	0.911665700088523	"shift_2x"	0.224312150623881	0.0614009123286357	0.911665700088523	0.62243283999636	0.289232860092162
23	"5_2x"	0.636363636363636	0.602882773216213	"shift_2x"	0.224312150623881	0.0614009123286357	0.602882773216213	0.522068260315756	0.080814512900457
23	"5_2x"	0.727272727272727	-1.21878024908416	"shift_2x"	0.224312150623881	0.0614009123286357	-1.21878024908416	0.307756586452232	-1.5265368355364
23	"5_2x"	0.818181818181818	-0.0246159845886818	"shift_2x"	0.224312150623881	0.0614009123286357	-0.0246159845886818	0.0268044659883034	-0.0514204505769852
23	"5_2x"	0.909090909090909	-0.29643171181404	"shift_2x"	0.224312150623881	0.0614009123286357	-0.29643171181404	-0.273481453493514	-0.0229502583205253
23	"5_2x"	1	-1.07631042460055	"shift_2x"	0.224312150623881	0.0614009123286357	-1.07631042460055	-0.545794524410707	-0.530515900189845
24	"5_4x"	0	-0.325287117705572	"shift_4x"	0.517472981533165	-0.00603437659789293	-0.325287117705572	0.107518188510286	-0.432805306215858
24	"5_4x"	0.0909090909090909	0.640679979580777	"shift_4x"	0.517472981533165	-0.00603437659789293	0.640679979580777	0.0588256869160141	0.581854292664763
24	"5_4x"	0.181818181818182	-0.196508550452872	"shift_4x"	0.517472981533165	-0.00603437659789293	-0.196508550452872	0.191025773230922	-0.387534323683794
24	"5_4x"	0.272727272727273	0.811943355565277	"shift_4x"	0.517472981533165	-0.00603437659789293	0.811943355565277	0.422343284199726	0.389600071365551
24	"5_4x"	0.363636363636364	1.46125669827287	"shift_4x"	0.517472981533165	-0.00603437659789293	1.46125669827287	0.67100305656714	0.790253641705728
24	"5_4x"	0.454545454545455	2.88707991228108	"shift_4x"	0.517472981533165	-0.00603437659789293	2.88707991228108	0.855229927077881	2.0318499852032
24	"5_4x"	0.545454545454545	1.73908003892963	"shift_4x"	0.517472981533165	-0.00603437659789293	1.73908003892963	0.895624450627006	0.843455588302629
24	"5_4x"	0.636363636363636	1.29499590938477	"shift_4x"	0.517472981533165	-0.00603437659789293	1.29499590938477	0.768774707189058	0.526221202195709
24	"5_4x"	0.727272727272727	-0.883800764824372	"shift_4x"	0.517472981533165	-0.00603437659789293	-0.883800764824372	0.507561105208734	-1.39136187003311
24	"5_4x"	0.818181818181818	0.156355480379045	"shift_4x"	0.517472981533165	-0.00603437659789293	0.156355480379045	0.14715525982746	0.00920022055158559
24	"5_4x"	0.909090909090909	-0.278443397893388	"shift_4x"	0.517472981533165	-0.00603437659789293	-0.278443397893388	-0.277271213813339	-0.00117218408004877
24	"5_4x"	1	-1.07631042460055	"shift_4x"	0.517472981533165	-0.00603437659789293	-1.07631042460055	-0.730546700572235	-0.345763724028317
25	"6"	0	-0.351184532118595	"baseline"	0.178480450886651	-0.0439149308004165	-0.351184532118595	-0.0521400346539409	-0.299044497464654
25	"6"	0.0909090909090909	-0.262425398743331	"baseline"	0.178480450886651	-0.0439149308004165	-0.262425398743331	-0.302008737503391	0.03958333876006
25	"6"	0.181818181818182	0.149848054368793	"baseline"	0.178480450886651	-0.0439149308004165	0.149848054368793	-0.246409963335581	0.396258017704373
25	"6"	0.272727272727273	0.322611802597022	"baseline"	0.178480450886651	-0.0439149308004165	0.322611802597022	-0.00280611680966261	0.325417919406684
25	"6"	0.363636363636364	-0.091076181362344	"baseline"	0.178480450886651	-0.0439149308004165	-0.091076181362344	0.311340397415209	-0.402416578777553
25	"6"	0.454545454545455	0.756246864558209	"baseline"	0.178480450886651	-0.0439149308004165	0.756246864558209	0.578567174679879	0.17767968987833
25	"6"	0.545454545454545	0.391603195013939	"baseline"	0.178480450886651	-0.0439149308004165	0.391603195013939	0.685009617982693	-0.293406422968754
25	"6"	0.636363636363636	0.803662827223271	"baseline"	0.178480450886651	-0.0439149308004165	0.803662827223271	0.599497011894766	0.204165815328504
25	"6"	0.727272727272727	0.918611052695783	"baseline"	0.178480450886651	-0.0439149308004165	0.918611052695783	0.374305363587644	0.544305689108139
25	"6"	0.818181818181818	0.318125966853823	"baseline"	0.178480450886651	-0.0439149308004165	0.318125966853823	0.0650802093330713	0.253045757520752
25	"6"	0.909090909090909	0.185403717012942	"baseline"	0.178480450886651	-0.0439149308004165	0.185403717012942	-0.272532914597208	0.457936631610151
25	"6"	1	-1.75199521752483	"baseline"	0.178480450886651	-0.0439149308004165	-1.75199521752483	-0.58288847193145	-1.16910674559339
26	"6_1x"	0	-0.351184532118595	"shift_1x"	0.335385653601247	-0.0890502882186095	-0.351184532118595	-0.0442265522875954	-0.306957979831
26	"6_1x"	0.0909090909090909	-0.244385090195665	"shift_1x"	0.335385653601247	-0.0890502882186095	-0.244385090195665	-0.225153458122896	-0.0192316320727692
26	"6_1x"	0.181818181818182	0.260563546373088	"shift_1x"	0.335385653601247	-0.0890502882186095	0.260563546373088	-0.124132074781912	0.384695621155
26	"6_1x"	0.272727272727273	0.648555353203415	"shift_1x"	0.335385653601247	-0.0890502882186095	0.648555353203415	0.145669275355901	0.502886077847514
26	"6_1x"	0.363636363636364	0.318686118349464	"shift_1x"	0.335385653601247	-0.0890502882186095	0.318686118349464	0.471082269911086	-0.152396151561622
26	"6_1x"	0.454545454545455	1.28036883685787	"shift_1x"	0.335385653601247	-0.0890502882186095	1.28036883685787	0.738938586504187	0.541430250353681
26	"6_1x"	0.545454545454545	0.812225780694126	"shift_1x"	0.335385653601247	-0.0890502882186095	0.812225780694126	0.839444505682147	-0.0272187249880207
26	"6_1x"	0.636363636363636	1.1666843659207	"shift_1x"	0.335385653601247	-0.0890502882186095	1.1666843659207	0.740592561005558	0.426091804915145
26	"6_1x"	0.727272727272727	1.11082450268592	"shift_1x"	0.335385653601247	-0.0890502882186095	1.11082450268592	0.488876639695536	0.621947862990385
26	"6_1x"	0.818181818181818	0.41123026641973	"shift_1x"	0.335385653601247	-0.0890502882186095	0.41123026641973	0.133950156146014	0.277280110273716
26	"6_1x"	0.909090909090909	0.194647785844548	"shift_1x"	0.335385653601247	-0.0890502882186095	0.194647785844548	-0.274533475249078	0.469181261093626
26	"6_1x"	1	-1.75199521752483	"shift_1x"	0.335385653601247	-0.0890502882186095	-1.75199521752483	-0.686920840095808	-1.06507437742903
27	"6_2x"	0	-0.351184532118595	"shift_2x"	0.479950278547679	-0.128897538956098	-0.351184532118595	-0.0351052506192593	-0.316079281499336
27	"6_2x"	0.0909090909090909	-0.226344781647999	"shift_2x"	0.479950278547679	-0.128897538956098	-0.226344781647999	-0.151842117215438	-0.0745026644325607
27	"6_2x"	0.181818181818182	0.371279038377203	"shift_2x"	0.479950278547679	-0.128897538956098	0.371279038377203	-0.00924706234030698	0.38052610071751
27	"6_2x"	0.272727272727273	0.974498903809634	"shift_2x"	0.479950278547679	-0.128897538956098	0.974498903809634	0.283806997622137	0.690691906187497
27	"6_2x"	0.363636363636364	0.728448418061273	"shift_2x"	0.479950278547679	-0.128897538956098	0.728448418061273	0.618447146287894	0.110001271773378
27	"6_2x"	0.454545454545455	1.80449080915735	"shift_2x"	0.479950278547679	-0.128897538956098	1.80449080915735	0.885800467272968	0.91869034188438
27	"6_2x"	0.545454545454545	1.23284836637449	"shift_2x"	0.479950278547679	-0.128897538956098	1.23284836637449	0.980153499060745	0.252694867313743
27	"6_2x"	0.636363636363636	1.52970590461831	"shift_2x"	0.479950278547679	-0.128897538956098	1.52970590461831	0.868850651341818	0.660855253276494
27	"6_2x"	0.727272727272727	1.30303795267624	"shift_2x"	0.479950278547679	-0.128897538956098	1.30303795267624	0.592969828398584	0.710068124277655
27	"6_2x"	0.818181818181818	0.504334565985634	"shift_2x"	0.479950278547679	-0.128897538956098	0.504334565985634	0.196546957526216	0.307787608459419
27	"6_2x"	0.909090909090909	0.203891854676153	"shift_2x"	0.479950278547679	-0.128897538956098	0.203891854676153	-0.276382033980112	0.480273888656265
27	"6_2x"	1	-1.75199521752483	"shift_2x"	0.479950278547679	-0.128897538956098	-1.75199521752483	-0.781781218825223	-0.970213998699612
28	"6_4x"	0	-0.351184532118595	"shift_4x"	0.78517109796933	-0.211033064397532	-0.351184532118595	-0.0137473970595147	-0.337437135059081
28	"6_4x"	0.0909090909090909	-0.190264164552846	"shift_4x"	0.78517109796933	-0.211033064397532	-0.190264164552846	0.00581017164622616	-0.196074336199072
28	"6_4x"	0.181818181818182	0.592710022385612	"shift_4x"	0.78517109796933	-0.211033064397532	0.592710022385612	0.235862959960631	0.356847062424981
28	"6_4x"	0.272727272727273	1.62638600502224	"shift_4x"	0.78517109796933	-0.211033064397532	1.62638600502224	0.576996010401244	1.049389994621
28	"6_4x"	0.363636363636364	1.54797301748507	"shift_4x"	0.78517109796933	-0.211033064397532	1.54797301748507	0.929794365485606	0.618178651999464
28	"6_4x"	0.454545454545455	2.85273475375631	"shift_4x"	0.78517109796933	-0.211033064397532	2.85273475375631	1.19484306773126	1.65789168602505
28	"6_4x"	0.545454545454545	2.07409353773522	"shift_4x"	0.78517109796933	-0.211033064397532	2.07409353773522	1.27542147191786	0.79867206581736
28	"6_4x"	0.636363636363636	2.25574898201353	"shift_4x"	0.78517109796933	-0.211033064397532	2.25574898201353	1.13764651460971	1.11810246740383
28	"6_4x"	0.727272727272727	1.68746485265687	"shift_4x"	0.78517109796933	-0.211033064397532	1.68746485265687	0.811059590169068	0.876405262487803
28	"6_4x"	0.818181818181818	0.690543165117626	"shift_4x"	0.78517109796933	-0.211033064397532	0.690543165117626	0.327725477417801	0.362817687699825
28	"6_4x"	0.909090909090909	0.222379992339539	"shift_4x"	0.78517109796933	-0.211033064397532	0.222379992339539	-0.280291044822229	0.502671037161767
28	"6_4x"	1	-1.75199521752483	"shift_4x"	0.78517109796933	-0.211033064397532	-1.75199521752483	-0.980925197729156	-0.771070019795679
29	"7"	0	-1.31309119984894	"baseline"	-0.68794582153844	-0.500221467818316	-1.31309119984894	-0.838722999029987	-0.47436820081895
29	"7"	0.0909090909090909	-1.67202198864827	"baseline"	-0.68794582153844	-0.500221467818316	-1.67202198864827	-1.74144577651492	0.0694237878666484
29	"7"	0.181818181818182	-2.77687824158415	"baseline"	-0.68794582153844	-0.500221467818316	-2.77687824158415	-1.82445649552869	-0.952421746055463
29	"7"	0.272727272727273	-2.32845279194875	"baseline"	-0.68794582153844	-0.500221467818316	-2.32845279194875	-1.36655112137154	-0.961901670577208
29	"7"	0.363636363636364	-1.70401160526152	"baseline"	-0.68794582153844	-0.500221467818316	-1.70401160526152	-0.646525619343695	-1.05748598591782
29	"7"	0.454545454545455	-1.23020186126262	"baseline"	-0.68794582153844	-0.500221467818316	-1.23020186126262	0.0568240452546219	-1.28702590651724
29	"7"	0.545454545454545	-0.522277163995218	"baseline"	-0.68794582153844	-0.500221467818316	-0.522277163995218	0.473387634043809	-0.995664798039027
29	"7"	0.636363636363636	3.03034854635994	"baseline"	-0.68794582153844	-0.500221467818316	3.03034854635994	0.526763549266702	2.50358499709323
29	"7"	0.727272727272727	-0.0657553576281474	"baseline"	-0.68794582153844	-0.500221467818316	-0.0657553576281474	0.337129902899351	-0.402885260527499
29	"7"	0.818181818181818	-0.428513619765192	"baseline"	-0.68794582153844	-0.500221467818316	-0.428513619765192	0.0324488220732992	-0.460962441838492
29	"7"	0.909090909090909	-0.401739565331227	"baseline"	-0.68794582153844	-0.500221467818316	-0.401739565331227	-0.259317566079915	-0.142421999251313
29	"7"	1	-0.85488919698526	"baseline"	-0.68794582153844	-0.500221467818316	-0.85488919698526	-0.410207134428749	-0.444682062556511
30	"7_1x"	0	-1.31309119984894	"shift_1x"	-0.548385812985848	-0.546313664561809	-1.31309119984894	-0.837945398856132	-0.475145800992805
30	"7_1x"	0.0909090909090909	-1.65539127669058	"shift_1x"	-0.548385812985848	-0.546313664561809	-1.65539127669058	-1.68164137397891	0.0262500972883311
30	"7_1x"	0.181818181818182	-2.68372310735566	"shift_1x"	-0.548385812985848	-0.546313664561809	-2.68372310735566	-1.72330502001631	-0.960418087339352
30	"7_1x"	0.272727272727273	-2.04890287174701	"shift_1x"	-0.548385812985848	-0.546313664561809	-2.04890287174701	-1.23907279707149	-0.809830074675519
30	"7_1x"	0.363636363636364	-1.3305403525874	"shift_1x"	-0.548385812985848	-0.546313664561809	-1.3305403525874	-0.5050811652476	-0.825459187339797
30	"7_1x"	0.454545454545455	-0.760707228923181	"shift_1x"	-0.548385812985848	-0.546313664561809	-0.760707228923181	0.202533415352191	-0.963240644275372
30	"7_1x"	0.545454545454545	-0.122216886392664	"shift_1x"	-0.548385812985848	-0.546313664561809	-0.122216886392664	0.616154174594373	-0.738371060987037
30	"7_1x"	0.636363636363636	3.43567711372125	"shift_1x"	-0.548385812985848	-0.546313664561809	3.43567711372125	0.658215112213374	2.77746200150787
30	"7_1x"	0.727272727272727	0.116614428258933	"shift_1x"	-0.548385812985848	-0.546313664561809	0.116614428258933	0.444054594717576	-0.327440166458643
30	"7_1x"	0.818181818181818	-0.339142518132453	"shift_1x"	-0.548385812985848	-0.546313664561809	-0.339142518132453	0.0966356488254949	-0.435778166957948
30	"7_1x"	0.909090909090909	-0.392789068140727	"shift_1x"	-0.548385812985848	-0.546313664561809	-0.392789068140727	-0.261078698744352	-0.131710369396375
30	"7_1x"	1	-0.85488919698526	"shift_1x"	-0.548385812985848	-0.546313664561809	-0.85488919698526	-0.50612542127345	-0.348763775711811
31	"7_2x"	0	-1.31309119984894	"shift_2x"	-0.41820704679886	-0.588397609202845	-1.31309119984894	-0.836261980900173	-0.476829218948765
31	"7_2x"	0.0909090909090909	-1.63876056473289	"shift_2x"	-0.41820704679886	-0.588397609202845	-1.63876056473289	-1.62454794313074	-0.0142126216021572
31	"7_2x"	0.181818181818182	-2.59056797312717	"shift_2x"	-0.41820704679886	-0.588397609202845	-2.59056797312717	-1.62778859136129	-0.962779381765876
31	"7_2x"	0.272727272727273	-1.76935295154528	"shift_2x"	-0.41820704679886	-0.588397609202845	-1.76935295154528	-1.11946216396402	-0.649890787581263
31	"7_2x"	0.363636363636364	-0.957069099913273	"shift_2x"	-0.41820704679886	-0.588397609202845	-0.957069099913273	-0.373046899311087	-0.584022200602186
31	"7_2x"	0.454545454545455	-0.291212596583761	"shift_2x"	-0.41820704679886	-0.588397609202845	-0.291212596583761	0.337978964225315	-0.629191560809077
31	"7_2x"	0.545454545454545	0.277843391209927	"shift_2x"	-0.41820704679886	-0.588397609202845	0.277843391209927	0.748497030077326	-0.470653638867399
31	"7_2x"	0.636363636363636	3.84100568108238	"shift_2x"	-0.41820704679886	-0.588397609202845	3.84100568108238	0.779919459405384	3.06108622167699
31	"7_2x"	0.727272727272727	0.298984214145835	"shift_2x"	-0.41820704679886	-0.588397609202845	0.298984214145835	0.543023807206921	-0.244039593061086
31	"7_2x"	0.818181818181818	-0.249771416499534	"shift_2x"	-0.41820704679886	-0.588397609202845	-0.249771416499534	0.156059447856542	-0.405830864356076
31	"7_2x"	0.909090909090909	-0.383838570950227	"shift_2x"	-0.41820704679886	-0.588397609202845	-0.383838570950227	-0.262724244271146	-0.121114326679081
31	"7_2x"	1	-0.85488919698526	"shift_2x"	-0.41820704679886	-0.588397609202845	-0.85488919698526	-0.595077894801538	-0.259811302183722
32	"7_4x"	0	-1.31309119984894	"shift_4x"	-0.149664349765291	-0.674055232347047	-1.31309119984894	-0.831571745153128	-0.481519454695809
32	"7_4x"	0.0909090909090909	-1.60549914081752	"shift_4x"	-0.149664349765291	-0.674055232347047	-1.60549914081752	-1.5051076465908	-0.100391494226719
32	"7_4x"	0.181818181818182	-2.40425770467018	"shift_4x"	-0.149664349765291	-0.674055232347047	-2.40425770467018	-1.42927031322936	-0.974987391440822
32	"7_4x"	0.272727272727273	-1.21025311114183	"shift_4x"	-0.149664349765291	-0.674055232347047	-1.21025311114183	-0.871828845282194	-0.338424265859631
32	"7_4x"	0.363636363636364	-0.210126594565029	"shift_4x"	-0.149664349765291	-0.674055232347047	-0.210126594565029	-0.100552342962717	-0.109574251602312
32	"7_4x"	0.454545454545455	0.647776668095117	"shift_4x"	-0.149664349765291	-0.674055232347047	0.647776668095117	0.616790093515672	0.0309865745794449
32	"7_4x"	0.545454545454545	1.07796394641529	"shift_4x"	-0.149664349765291	-0.674055232347047	1.07796394641529	1.02045313994845	0.0575108064668384
32	"7_4x"	0.636363636363636	4.65166281580464	"shift_4x"	-0.149664349765291	-0.674055232347047	4.65166281580464	1.0298227349211	3.62184008088354
32	"7_4x"	0.727272727272727	0.663723785919995	"shift_4x"	-0.149664349765291	-0.674055232347047	0.663723785919995	0.74620908459872	-0.0824852986787252
32	"7_4x"	0.818181818181818	-0.0710292132338753	"shift_4x"	-0.149664349765291	-0.674055232347047	-0.0710292132338753	0.278073588224292	-0.349102801458168
32	"7_4x"	0.909090909090909	-0.365937576569227	"shift_4x"	-0.149664349765291	-0.674055232347047	-0.365937576569227	-0.26612235495919	-0.0998152216100374
32	"7_4x"	1	-0.85488919698526	"shift_4x"	-0.149664349765291	-0.674055232347047	-0.85488919698526	-0.777917345708734	-0.0769718512765262
33	"8"	0	-1.28299041380376	"baseline"	-0.393105877740036	-0.106921231246748	-1.28299041380376	-0.320433823057584	-0.962556590746174
33	"8"	0.0909090909090909	-0.767268976633451	"baseline"	-0.393105877740036	-0.106921231246748	-0.767268976633451	-0.909178462450589	0.141909485817138
33	"8"	0.181818181818182	-0.804116290934163	"baseline"	-0.393105877740036	-0.106921231246748	-0.804116290934163	-0.982877278315313	0.17876098738115
33	"8"	0.272727272727273	-0.759662635182792	"baseline"	-0.393105877740036	-0.106921231246748	-0.759662635182792	-0.718997303190765	-0.040665331992027
33	"8"	0.363636363636364	-2.34786764271295	"baseline"	-0.393105877740036	-0.106921231246748	-2.34786764271295	-0.295005569615954	-2.052862073097
33	"8"	0.454545454545455	0.19659562150433	"baseline"	-0.393105877740036	-0.106921231246748	0.19659562150433	0.111630889870111	0.0849647316342193
33	"8"	0.545454545454545	0.73617547833246	"baseline"	-0.393105877740036	-0.106921231246748	0.73617547833246	0.329098726686188	0.407076751646272
33	"8"	0.636363636363636	-0.894408555373324	"baseline"	-0.393105877740036	-0.106921231246748	-0.894408555373324	0.313206009906336	-1.20761456527966
33	"8"	0.727272727272727	0.00937882556787014	"baseline"	-0.393105877740036	-0.106921231246748	0.00937882556787014	0.148888175752401	-0.139509350184531
33	"8"	0.818181818181818	-0.264097512654856	"baseline"	-0.393105877740036	-0.106921231246748	-0.264097512654856	-0.0737356080066759	-0.190361904648181
33	"8"	0.909090909090909	0.171999021251357	"baseline"	-0.393105877740036	-0.106921231246748	0.171999021251357	-0.264546173601953	0.436545194853311
33	"8"	1	-0.843102791070447	"baseline"	-0.393105877740036	-0.106921231246748	-0.843102791070447	-0.333424353264491	-0.509678437805957
34	"8_1x"	0	-1.28299041380376	"shift_1x"	-0.25007251902711	-0.145745178611563	-1.28299041380376	-0.310776084430217	-0.972214329373541
34	"8_1x"	0.0909090909090909	-0.749733511663755	"shift_1x"	-0.25007251902711	-0.145745178611563	-0.749733511663755	-0.835778680631444	0.0860451689676895
34	"8_1x"	0.181818181818182	-0.699124585001768	"shift_1x"	-0.25007251902711	-0.145745178611563	-0.699124585001768	-0.868439806800886	0.169315221799118
34	"8_1x"	0.272727272727273	-0.452658887237647	"shift_1x"	-0.25007251902711	-0.145745178611563	-0.452658887237647	-0.5818593126511	0.129200425413453
34	"8_1x"	0.363636363636364	-1.98888315088149	"shift_1x"	-0.25007251902711	-0.145745178611563	-1.98888315088149	-0.149137047894643	-1.83974610298685
34	"8_1x"	0.454545454545455	0.705327184619764	"shift_1x"	-0.25007251902711	-0.145745178611563	0.705327184619764	0.256627137755924	0.448700046863839
34	"8_1x"	0.545454545454545	1.16455094038759	"shift_1x"	-0.25007251902711	-0.145745178611563	1.16455094038759	0.467770924007226	0.696780016380361
34	"8_1x"	0.636363636363636	-0.563650372945081	"shift_1x"	-0.25007251902711	-0.145745178611563	-0.563650372945081	0.439503602216049	-1.00315397516113
34	"8_1x"	0.727272727272727	0.192499953286972	"shift_1x"	-0.25007251902711	-0.145745178611563	0.192499953286972	0.251371338307034	-0.0588713850200621
34	"8_1x"	0.818181818181818	-0.173904330486468	"shift_1x"	-0.25007251902711	-0.145745178611563	-0.173904330486468	-0.0120981136655163	-0.161806216820952
34	"8_1x"	0.909090909090909	0.181236387735061	"shift_1x"	-0.25007251902711	-0.145745178611563	0.181236387735061	-0.266376999647301	0.447613387382362
34	"8_1x"	1	-0.843102791070447	"shift_1x"	-0.25007251902711	-0.145745178611563	-0.843102791070447	-0.42693756558402	-0.416165225486427
35	"8_2x"	0	-1.28299041380376	"shift_2x"	-0.109647152128115	-0.188697631723394	-1.28299041380376	-0.306386815576812	-0.976603598226946
35	"8_2x"	0.0909090909090909	-0.732198046694061	"shift_2x"	-0.109647152128115	-0.188697631723394	-0.732198046694061	-0.770675221575606	0.0384771748815451
35	"8_2x"	0.181818181818182	-0.594132879069371	"shift_2x"	-0.109647152128115	-0.188697631723394	-0.594132879069371	-0.762277712347765	0.168144833278394
35	"8_2x"	0.272727272727273	-0.14565513929243	"shift_2x"	-0.109647152128115	-0.188697631723394	-0.14565513929243	-0.450949962139103	0.305294822846672
35	"8_2x"	0.363636363636364	-1.62989865905003	"shift_2x"	-0.109647152128115	-0.188697631723394	-1.62989865905003	-0.00644764519543628	-1.6234510138546
35	"8_2x"	0.454545454545455	1.21405874773538	"shift_2x"	-0.109647152128115	-0.188697631723394	1.21405874773538	0.401473564237418	0.812585183497959
35	"8_2x"	0.545454545454545	1.59292640244254	"shift_2x"	-0.109647152128115	-0.188697631723394	1.59292640244254	0.608309736207054	0.984616666235482
35	"8_2x"	0.636363636363636	-0.232892190516839	"shift_2x"	-0.109647152128115	-0.188697631723394	-0.232892190516839	0.568340577531768	-0.801232768048607
35	"8_2x"	0.727272727272727	0.375621081005896	"shift_2x"	-0.109647152128115	-0.188697631723394	0.375621081005896	0.356067841604429	0.0195532394014677
35	"8_2x"	0.818181818181818	-0.08371114831808	"shift_2x"	-0.109647152128115	-0.188697631723394	-0.08371114831808	0.0507987239356657	-0.134509872253746
35	"8_2x"	0.909090909090909	0.190473754218942	"shift_2x"	-0.109647152128115	-0.188697631723394	0.190473754218942	-0.268159579963888	0.45863333418283
35	"8_2x"	1	-0.843102791070447	"shift_2x"	-0.109647152128115	-0.188697631723394	-0.843102791070447	-0.521499874583601	-0.321602916486846
36	"8_4x"	0	-1.28299041380376	"shift_4x"	0.170538191134478	-0.262787234203138	-1.28299041380376	-0.285402722664611	-0.997587691139147
36	"8_4x"	0.0909090909090909	-0.697127116754653	"shift_4x"	0.170538191134478	-0.262787234203138	-0.697127116754653	-0.624071254661037	-0.073055862093616
36	"8_4x"	0.181818181818182	-0.384149467204647	"shift_4x"	0.170538191134478	-0.262787234203138	-0.384149467204647	-0.535597819771177	0.15144835256653
36	"8_4x"	0.272727272727273	0.468352356597754	"shift_4x"	0.170538191134478	-0.262787234203138	0.468352356597754	-0.18080061716901	0.649152973766764
36	"8_4x"	0.363636363636364	-0.911929675387109	"shift_4x"	0.170538191134478	-0.262787234203138	-0.911929675387109	0.279502153971481	-1.19143182935859
36	"8_4x"	0.454545454545455	2.23152187396642	"shift_4x"	0.170538191134478	-0.262787234203138	2.23152187396642	0.684492294476315	1.54702957949011
36	"8_4x"	0.545454545454545	2.44967732655243	"shift_4x"	0.170538191134478	-0.262787234203138	2.44967732655243	0.878169207790809	1.57150811876162
36	"8_4x"	0.636363636363636	0.42862417433972	"shift_4x"	0.170538191134478	-0.262787234203138	0.42862417433972	0.813778287566654	-0.385154113226935
36	"8_4x"	0.727272727272727	0.741863336443925	"shift_4x"	0.170538191134478	-0.262787234203138	0.741863336443925	0.555164316671011	0.186699019772914
36	"8_4x"	0.818181818181818	0.0966752160186963	"shift_4x"	0.170538191134478	-0.262787234203138	0.0966752160186963	0.17057249441527	-0.0738972783965739
36	"8_4x"	0.909090909090909	0.208948487186524	"shift_4x"	0.170538191134478	-0.262787234203138	0.208948487186524	-0.271751979889175	0.480700467075699
36	"8_4x"	1	-0.843102791070447	"shift_4x"	0.170538191134478	-0.262787234203138	-0.843102791070447	-0.703563906930932	-0.139538884139515
37	"9"	0	0.366058087961945	"baseline"	-0.359437348866088	0.115531542780677	0.366058087961945	-0.0743115613076139	0.440369649269559
37	"9"	0.0909090909090909	-1.5338406943919	"baseline"	-0.359437348866088	0.115531542780677	-1.5338406943919	-0.558716814387037	-0.975123880004862
37	"9"	0.181818181818182	-0.746233593697734	"baseline"	-0.359437348866088	0.115531542780677	-0.746233593697734	-0.659589227065874	-0.0866443666318606
37	"9"	0.272727272727273	-0.540767516709429	"baseline"	-0.359437348866088	0.115531542780677	-0.540767516709429	-0.508194066678603	-0.0325734500308262
37	"9"	0.363636363636364	-0.154806513261427	"baseline"	-0.359437348866088	0.115531542780677	-0.154806513261427	-0.235796600559704	0.080990087298277
37	"9"	0.454545454545455	-0.118094354393261	"baseline"	-0.359437348866088	0.115531542780677	-0.118094354393261	0.0263379039563426	-0.144432258349604
37	"9"	0.545454545454545	-0.475598151213072	"baseline"	-0.359437348866088	0.115531542780677	-0.475598151213072	0.151281467449102	-0.626879618662174
37	"9"	0.636363636363636	-1.06263164710113	"baseline"	-0.359437348866088	0.115531542780677	-1.06263164710113	0.11106473037861	-1.17369637747974
37	"9"	0.727272727272727	-0.267565664597128	"baseline"	-0.359437348866088	0.115531542780677	-0.267565664597128	-0.0224535674022072	-0.24511209719492
37	"9"	0.818181818181818	-1.29289168294741	"baseline"	-0.359437348866088	0.115531542780677	-1.29289168294741	-0.173346931717735	-1.11954475122967
37	"9"	0.909090909090909	0.098351925598961	"baseline"	-0.359437348866088	0.115531542780677	0.098351925598961	-0.265688868392358	0.364040793991319
37	"9"	1	0.115469717541212	"baseline"	-0.359437348866088	0.115531542780677	0.115469717541212	-0.223552883250463	0.339022600791675
38	"9_1x"	0	0.366058087961945	"shift_1x"	-0.226795329800056	0.0865419026754214	0.366058087961945	-0.0579704822063493	0.424028570168295
38	"9_1x"	0.0909090909090909	-1.51707180113995	"shift_1x"	-0.226795329800056	0.0865419026754214	-1.51707180113995	-0.480559017342301	-1.03651278379765
38	"9_1x"	0.181818181818182	-0.640894591581921	"shift_1x"	-0.226795329800056	0.0865419026754214	-0.640894591581921	-0.544490620450954	-0.0964039711309673
38	"9_1x"	0.272727272727273	-0.229933104191089	"shift_1x"	-0.226795329800056	0.0865419026754214	-0.229933104191089	-0.375612561530231	0.145679457339143
38	"9_1x"	0.363636363636364	0.253521853982704	"shift_1x"	-0.226795329800056	0.0865419026754214	0.253521853982704	-0.0997721105780572	0.353293964560761
38	"9_1x"	0.454545454545455	0.381983234385019	"shift_1x"	-0.226795329800056	0.0865419026754214	0.381983234385019	0.157183462407644	0.224799771977375
38	"9_1x"	0.545454545454545	-0.0744875958228955	"shift_1x"	-0.226795329800056	0.0865419026754214	-0.0744875958228955	0.27350539820015	-0.347992994023046
38	"9_1x"	0.636363636363636	-0.735069703415726	"shift_1x"	-0.226795329800056	0.0865419026754214	-0.735069703415726	0.221164630256916	-0.956234333672642
38	"9_1x"	0.727272727272727	-0.0872139817797917	"shift_1x"	-0.226795329800056	0.0865419026754214	-0.0872139817797917	0.0666645480584913	-0.153878529838283
38	"9_1x"	0.818181818181818	-1.20784247163047	"shift_1x"	-0.226795329800056	0.0865419026754214	-1.20784247163047	-0.119643518709842	-1.08819895292063
38	"9_1x"	0.909090909090909	0.107552468535	"shift_1x"	-0.226795329800056	0.0865419026754214	0.107552468535	-0.267408240362801	0.374960708897802
38	"9_1x"	1	0.115469717541212	"shift_1x"	-0.226795329800056	0.0865419026754214	0.115469717541212	-0.306278287215107	0.421748004756319
39	"9_2x"	0	0.366058087961945	"shift_2x"	-0.0760282844833753	0.035108910091105	0.366058087961945	-0.0588566816362524	0.424914769598198
39	"9_2x"	0.0909090909090909	-1.50030290788802	"shift_2x"	-0.0760282844833753	0.035108910091105	-1.50030290788802	-0.418310823618833	-1.08199208426919
39	"9_2x"	0.181818181818182	-0.535555589466108	"shift_2x"	-0.0760282844833753	0.035108910091105	-0.535555589466108	-0.437314325387219	-0.0982412640788882
39	"9_2x"	0.272727272727273	0.0809013083274649	"shift_2x"	-0.0760282844833753	0.035108910091105	0.0809013083274649	-0.23916117836169	0.320062486689155
39	"9_2x"	0.363636363636364	0.661850221226835	"shift_2x"	-0.0760282844833753	0.035108910091105	0.661850221226835	0.0528546260374763	0.608995595189359
39	"9_2x"	0.454545454545455	0.882060823163296	"shift_2x"	-0.0760282844833753	0.035108910091105	0.882060823163296	0.315439096389999	0.566621726773297
39	"9_2x"	0.545454545454545	0.326622959567349	"shift_2x"	-0.0760282844833753	0.035108910091105	0.326622959567349	0.429226340664108	-0.102603381096759
39	"9_2x"	0.636363636363636	-0.407507759730269	"shift_2x"	-0.0760282844833753	0.035108910091105	-0.407507759730269	0.364813545438168	-0.772321305168437
39	"9_2x"	0.727272727272727	0.0931377010375417	"shift_2x"	-0.0760282844833753	0.035108910091105	0.0931377010375417	0.183559301838234	-0.0904216008006924
39	"9_2x"	0.818181818181818	-1.12279326031355	"shift_2x"	-0.0760282844833753	0.035108910091105	-1.12279326031355	-0.0494944470464725	-1.07329881326707
39	"9_2x"	0.909090909090909	0.116753011470865	"shift_2x"	-0.0760282844833753	0.035108910091105	0.116753011470865	-0.269305758126729	0.386058769597594
39	"9_2x"	1	0.115469717541212	"shift_2x"	-0.0760282844833753	0.035108910091105	0.115469717541212	-0.410832688313314	0.526302405854527
40	"9_4x"	0	0.366058087961945	"shift_4x"	0.209709769600967	-0.0399331400330794	0.366058087961945	-0.0369135638268	0.402971651788745
40	"9_4x"	0.0909090909090909	-1.46676512138413	"shift_4x"	0.209709769600967	-0.0399331400330794	-1.46676512138413	-0.268059308144278	-1.19870581323985
40	"9_4x"	0.181818181818182	-0.324877585234461	"shift_4x"	0.209709769600967	-0.0399331400330794	-0.324877585234461	-0.20548198499674	-0.119395600237721
40	"9_4x"	0.272727272727273	0.702570133364211	"shift_4x"	0.209709769600967	-0.0399331400330794	0.702570133364211	0.0367396345913049	0.665830498772906
40	"9_4x"	0.363636363636364	1.4785069557151	"shift_4x"	0.209709769600967	-0.0399331400330794	1.4785069557151	0.344526779595345	1.13398017611975
40	"9_4x"	0.454545454545455	1.88221600072003	"shift_4x"	0.209709769600967	-0.0399331400330794	1.88221600072003	0.603800678990868	1.27841532172916
40	"9_4x"	0.545454545454545	1.12884407034766	"shift_4x"	0.209709769600967	-0.0399331400330794	1.12884407034766	0.703965096773746	0.424878973573917
40	"9_4x"	0.636363636363636	0.247616127640576	"shift_4x"	0.209709769600967	-0.0399331400330794	0.247616127640576	0.614598857330362	-0.366982729689786
40	"9_4x"	0.727272727272727	0.453841066672391	"shift_4x"	0.209709769600967	-0.0399331400330794	0.453841066672391	0.386166079462217	0.0676749872101747
40	"9_4x"	0.818181818181818	-0.952694837679687	"shift_4x"	0.209709769600967	-0.0399331400330794	-0.952694837679687	0.0723988016645208	-1.02509363934421
40	"9_4x"	0.909090909090909	0.135154097342768	"shift_4x"	0.209709769600967	-0.0399331400330794	0.135154097342768	-0.272970937567516	0.408125034910284
40	"9_4x"	1	0.115469717541212	"shift_4x"	0.209709769600967	-0.0399331400330794	0.115469717541212	-0.596211099738682	0.711680817279894
