"ID"	"patient"	"time"	"response"	"Version"	"fpc1"	"fpc2"	"Y_sparse"	"Fits_sparse"	"residuals"
1	"1"	0	0.759763080456536	"baseline"	-0.295637598016426	-0.297022260926589	0.759763080456536	0.0712183491052601	0.688544731351275
1	"1"	0.0909090909090909	-0.574031862536915	"baseline"	-0.295637598016426	-0.297022260926589	-0.574031862536915	-0.539474351722065	-0.0345575108148496
1	"1"	0.181818181818182	-0.38166660609544	"baseline"	-0.295637598016426	-0.297022260926589	-0.38166660609544	-0.562856527105415	0.181189921009975
1	"1"	0.272727272727273	-0.273708066544521	"baseline"	-0.295637598016426	-0.297022260926589	-0.273708066544521	-0.310755338003811	0.0370472714592896
1	"1"	0.363636363636364	-0.487474114854415	"baseline"	-0.295637598016426	-0.297022260926589	-0.487474114854415	-0.0925218550405297	-0.394952259813886
1	"1"	0.454545454545455	-0.478518367328237	"baseline"	-0.295637598016426	-0.297022260926589	-0.478518367328237	-0.0685487203216958	-0.409969647006541
1	"1"	0.545454545454545	0.170542895200919	"baseline"	-0.295637598016426	-0.297022260926589	0.170542895200919	-0.168261025131655	0.338803920332574
1	"1"	0.636363636363636	-0.160643246260618	"baseline"	-0.295637598016426	-0.297022260926589	-0.160643246260618	-0.300730279083637	0.140087032823019
1	"1"	0.727272727272727	-0.0574267382748253	"baseline"	-0.295637598016426	-0.297022260926589	-0.0574267382748253	-0.376712254309393	0.319285516034568
1	"1"	0.818181818181818	0.722525344906013	"baseline"	-0.295637598016426	-0.297022260926589	0.722525344906013	-0.322272483417604	1.04479782832362
1	"1"	0.909090909090909	0.157462710127898	"baseline"	-0.295637598016426	-0.297022260926589	0.157462710127898	-0.0733816521643849	0.230844362292283
1	"1"	1	1.96425165261161	"baseline"	-0.295637598016426	-0.297022260926589	1.96425165261161	0.433824903367027	1.53042674924458
2	"1_1x"	0	0.759763080456536	"shift_1x"	-0.129243237630359	-0.291325466674686	0.759763080456536	0.21541161711101	0.544351463345526
2	"1_1x"	0.0909090909090909	-0.387197341672376	"shift_1x"	-0.129243237630359	-0.291325466674686	-0.387197341672376	-0.374913497365531	-0.012283844306845
2	"1_1x"	0.181818181818182	-0.00415025923748416	"shift_1x"	-0.129243237630359	-0.291325466674686	-0.00415025923748416	-0.341982200973675	0.337831941736191
2	"1_1x"	0.272727272727273	0.105967451104404	"shift_1x"	-0.129243237630359	-0.291325466674686	0.105967451104404	-0.0569135759700493	0.162881027074453
2	"1_1x"	0.363636363636364	-0.29977401651306	"shift_1x"	-0.129243237630359	-0.291325466674686	-0.29977401651306	0.112488757946544	-0.412262774459604
2	"1_1x"	0.454545454545455	-0.431570953374096	"shift_1x"	-0.129243237630359	-0.291325466674686	-0.431570953374096	-0.00212483079782898	-0.429446122576267
2	"1_1x"	0.545454545454545	0.073402760979946	"shift_1x"	-0.129243237630359	-0.291325466674686	0.073402760979946	-0.259947703748232	0.333350464728178
2	"1_1x"	0.636363636363636	-0.351611653287921	"shift_1x"	-0.129243237630359	-0.291325466674686	-0.351611653287921	-0.492497002843414	0.140885349555493
2	"1_1x"	0.727272727272727	-0.422227825278335	"shift_1x"	-0.129243237630359	-0.291325466674686	-0.422227825278335	-0.542816983030376	0.120589157752041
2	"1_1x"	0.818181818181818	0.422825205497549	"shift_1x"	-0.129243237630359	-0.291325466674686	0.422825205497549	-0.376441962460324	0.799267167957873
2	"1_1x"	0.909090909090909	0.0603879768324202	"shift_1x"	-0.129243237630359	-0.291325466674686	0.0603879768324202	-0.038006551727041	0.0983945285594612
2	"1_1x"	1	1.96425165261161	"shift_1x"	-0.129243237630359	-0.291325466674686	1.96425165261161	0.426539778640467	1.53771187397114
3	"1_2x"	0	0.759763080456536	"shift_2x"	0.037128357826096	-0.288314572153844	0.759763080456536	0.359796785389034	0.399966295067501
3	"1_2x"	0.0909090909090909	-0.200362820807853	"shift_2x"	0.037128357826096	-0.288314572153844	-0.200362820807853	-0.214255772044896	0.0138929512370428
3	"1_2x"	0.181818181818182	0.373366087620298	"shift_2x"	0.037128357826096	-0.288314572153844	0.373366087620298	-0.124641102743502	0.4980071903638
3	"1_2x"	0.272727272727273	0.485642968753215	"shift_2x"	0.037128357826096	-0.288314572153844	0.485642968753215	0.195630222452932	0.290012746300283
3	"1_2x"	0.363636363636364	-0.112073918171743	"shift_2x"	0.037128357826096	-0.288314572153844	-0.112073918171743	0.317725089969588	-0.429799008141331
3	"1_2x"	0.454545454545455	-0.384623539419933	"shift_2x"	0.037128357826096	-0.288314572153844	-0.384623539419933	0.0641208737689569	-0.44874441318889
3	"1_2x"	0.545454545454545	-0.0237373732410268	"shift_2x"	0.037128357826096	-0.288314572153844	-0.0237373732410268	-0.353250291330749	0.329512918089722
3	"1_2x"	0.636363636363636	-0.542580060315204	"shift_2x"	0.037128357826096	-0.288314572153844	-0.542580060315204	-0.687269634604843	0.144689574289639
3	"1_2x"	0.727272727272727	-0.787028912281923	"shift_2x"	0.037128357826096	-0.288314572153844	-0.787028912281923	-0.712238927163585	-0.0747899851183387
3	"1_2x"	0.818181818181818	0.123125066089084	"shift_2x"	0.037128357826096	-0.288314572153844	0.123125066089084	-0.432654083740023	0.555779149829107
3	"1_2x"	0.909090909090909	-0.0366867564632504	"shift_2x"	0.037128357826096	-0.288314572153844	-0.0366867564632504	-0.00164482107318106	-0.0350419353900693
3	"1_2x"	1	1.96425165261161	"shift_2x"	0.037128357826096	-0.288314572153844	1.96425165261161	0.425188449929248	1.53906320268236
4	"1_4x"	0	0.759763080456536	"shift_4x"	0.386190912147605	-0.291735722168818	0.759763080456536	0.663497362671707	0.0962657177848284
4	"1_4x"	0.0909090909090909	0.173306220921306	"shift_4x"	0.386190912147605	-0.291735722168818	0.173306220921306	0.108744524467315	0.0645616964539913
4	"1_4x"	0.181818181818182	1.12839878133605	"shift_4x"	0.386190912147605	-0.291735722168818	1.12839878133605	0.318655485991005	0.809743295345047
4	"1_4x"	0.272727272727273	1.24499400405103	"shift_4x"	0.386190912147605	-0.291735722168818	1.24499400405103	0.720908355849285	0.524085648201743
4	"1_4x"	0.363636363636364	0.263326278510929	"shift_4x"	0.386190912147605	-0.291735722168818	0.263326278510929	0.749249704982948	-0.485923426472019
4	"1_4x"	0.454545454545455	-0.290728711511627	"shift_4x"	0.386190912147605	-0.291735722168818	-0.290728711511627	0.202497038855417	-0.493225750367043
4	"1_4x"	0.545454545454545	-0.218017641682877	"shift_4x"	0.386190912147605	-0.291735722168818	-0.218017641682877	-0.554913504425966	0.336895862743089
4	"1_4x"	0.636363636363636	-0.924516874369791	"shift_4x"	0.386190912147605	-0.291735722168818	-0.924516874369791	-1.10691696292248	0.182400088552688
4	"1_4x"	0.727272727272727	-1.5166310862891	"shift_4x"	0.386190912147605	-0.291735722168818	-1.5166310862891	-1.07981453825515	-0.436816548033946
4	"1_4x"	0.818181818181818	-0.476275212727804	"shift_4x"	0.386190912147605	-0.291735722168818	-0.476275212727804	-0.558027208296266	0.0817519955684614
4	"1_4x"	0.909090909090909	-0.230836223054439	"shift_4x"	0.386190912147605	-0.291735722168818	-0.230836223054439	0.0782411767221587	-0.309077399776598
4	"1_4x"	1	1.96425165261161	"shift_4x"	0.386190912147605	-0.291735722168818	1.96425165261161	0.443870058470287	1.52038159414132
5	"10"	0	0.366583206283169	"baseline"	-0.13281488569449	-0.0565205652977531	0.366583206283169	0.193800724966403	0.172782481316767
5	"10"	0.0909090909090909	-0.0469140539927645	"baseline"	-0.13281488569449	-0.0565205652977531	-0.0469140539927645	-0.0389221087699363	-0.00799194522282824
5	"10"	0.181818181818182	-0.279053211033383	"baseline"	-0.13281488569449	-0.0565205652977531	-0.279053211033383	-0.0402371332037691	-0.238816077829614
5	"10"	0.272727272727273	0.0598227805109461	"baseline"	-0.13281488569449	-0.0565205652977531	0.0598227805109461	0.0481609526329196	0.0116618278780264
5	"10"	0.363636363636364	0.131076180385236	"baseline"	-0.13281488569449	-0.0565205652977531	0.131076180385236	0.0858855559671243	0.0451906244181119
5	"10"	0.454545454545455	0.118244637703958	"baseline"	-0.13281488569449	-0.0565205652977531	0.118244637703958	0.0112440839410669	0.107000553762891
5	"10"	0.545454545454545	-0.456287812039311	"baseline"	-0.13281488569449	-0.0565205652977531	-0.456287812039311	-0.115502666584733	-0.340785145454578
5	"10"	0.636363636363636	0.475182848695647	"baseline"	-0.13281488569449	-0.0565205652977531	0.475182848695647	-0.223091660939376	0.698274509635023
5	"10"	0.727272727272727	-0.591256223717952	"baseline"	-0.13281488569449	-0.0565205652977531	-0.591256223717952	-0.247032669517888	-0.344223554200064
5	"10"	0.818181818181818	0.30656627366669	"baseline"	-0.13281488569449	-0.0565205652977531	0.30656627366669	-0.195915466308254	0.502481739974943
5	"10"	0.909090909090909	0.260367992241317	"baseline"	-0.13281488569449	-0.0565205652977531	0.260367992241317	-0.125511803787544	0.385879796028861
5	"10"	1	0.00063726335081231	"baseline"	-0.13281488569449	-0.0565205652977531	0.00063726335081231	-0.0923777260108278	0.0930149893616401
6	"10_1x"	0	0.366583206283169	"shift_1x"	0.0328534511462998	-0.0497763757446148	0.366583206283169	0.337280329235901	0.029302877047268
6	"10_1x"	0.0909090909090909	0.145191644957271	"shift_1x"	0.0328534511462998	-0.0497763757446148	0.145191644957271	0.126470372212167	0.0187212727451039
6	"10_1x"	0.181818181818182	0.100515403725794	"shift_1x"	0.0328534511462998	-0.0497763757446148	0.100515403725794	0.181072319036009	-0.080556915310215
6	"10_1x"	0.272727272727273	0.446168915100935	"shift_1x"	0.0328534511462998	-0.0497763757446148	0.446168915100935	0.301399583350136	0.144769331750799
6	"10_1x"	0.363636363636364	0.324961781679011	"shift_1x"	0.0328534511462998	-0.0497763757446148	0.324961781679011	0.289900315151356	0.0350614665276555
6	"10_1x"	0.454545454545455	0.166683959170797	"shift_1x"	0.0328534511462998	-0.0497763757446148	0.166683959170797	0.0774456738943604	0.0892382852764361
6	"10_1x"	0.545454545454545	-0.550293792724063	"shift_1x"	0.0328534511462998	-0.0497763757446148	-0.550293792724063	-0.206138999626364	-0.3441547930977
6	"10_1x"	0.636363636363636	0.27785618071895	"shift_1x"	0.0328534511462998	-0.0497763757446148	0.27785618071895	-0.41281082531503	0.69066700603398
6	"10_1x"	0.727272727272727	-0.94591455049813	"shift_1x"	0.0328534511462998	-0.0497763757446148	-0.94591455049813	-0.411078896363246	-0.534835654134883
6	"10_1x"	0.818181818181818	0.0131055203267887	"shift_1x"	0.0328534511462998	-0.0497763757446148	0.0131055203267887	-0.249029939307148	0.262135459633937
6	"10_1x"	0.909090909090909	0.162778732535113	"shift_1x"	0.0328534511462998	-0.0497763757446148	0.162778732535113	-0.090686979234984	0.253465711770097
6	"10_1x"	1	0.00063726335081231	"shift_1x"	0.0328534511462998	-0.0497763757446148	0.00063726335081231	-0.102000214818025	0.102637478168837
7	"10_2x"	0	0.366583206283169	"shift_2x"	0.213751463735744	-0.0305191343338594	0.366583206283169	0.49301247551023	-0.12642926922706
7	"10_2x"	0.0909090909090909	0.337297343907309	"shift_2x"	0.213751463735744	-0.0305191343338594	0.337297343907309	0.324255380763548	0.0130419631437608
7	"10_2x"	0.181818181818182	0.480084018484896	"shift_2x"	0.213751463735744	-0.0305191343338594	0.480084018484896	0.438242164503471	0.0418418539814249
7	"10_2x"	0.272727272727273	0.832515049690926	"shift_2x"	0.213751463735744	-0.0305191343338594	0.832515049690926	0.583513295060569	0.249001754630357
7	"10_2x"	0.363636363636364	0.518847382972789	"shift_2x"	0.213751463735744	-0.0305191343338594	0.518847382972789	0.511545888979672	0.00730149399311653
7	"10_2x"	0.454545454545455	0.215123280637447	"shift_2x"	0.213751463735744	-0.0305191343338594	0.215123280637447	0.150482064396808	0.0646412162406389
7	"10_2x"	0.545454545454545	-0.644299773408816	"shift_2x"	0.213751463735744	-0.0305191343338594	-0.644299773408816	-0.297894589618439	-0.346405183790377
7	"10_2x"	0.636363636363636	0.0805295127420633	"shift_2x"	0.213751463735744	-0.0305191343338594	0.0805295127420633	-0.606540504428867	0.687070017170931
7	"10_2x"	0.727272727272727	-1.30057287727829	"shift_2x"	0.213751463735744	-0.0305191343338594	-1.30057287727829	-0.575412250556144	-0.725160626722141
7	"10_2x"	0.818181818181818	-0.280355233013091	"shift_2x"	0.213751463735744	-0.0305191343338594	-0.280355233013091	-0.297946959860449	0.0175917268473582
7	"10_2x"	0.909090909090909	0.0651894728291021	"shift_2x"	0.213751463735744	-0.0305191343338594	0.0651894728291021	-0.0570522213737326	0.122241694202835
7	"10_2x"	1	0.00063726335081231	"shift_2x"	0.213751463735744	-0.0305191343338594	0.00063726335081231	-0.138785133508395	0.139422396859207
8	"10_4x"	0	0.366583206283169	"shift_4x"	0.554571239093241	-0.0368127946965612	0.366583206283169	0.789774217800769	-0.4231910115176
8	"10_4x"	0.0909090909090909	0.721508741807192	"shift_4x"	0.554571239093241	-0.0368127946965612	0.721508741807192	0.635360141103667	0.0861486007035244
8	"10_4x"	0.181818181818182	1.2392212480031	"shift_4x"	0.554571239093241	-0.0368127946965612	1.2392212480031	0.867217853998379	0.372003394004722
8	"10_4x"	0.272727272727273	1.6052073188711	"shift_4x"	0.554571239093241	-0.0368127946965612	1.6052073188711	1.09499808614878	0.510209232722319
8	"10_4x"	0.363636363636364	0.906618585560148	"shift_4x"	0.554571239093241	-0.0368127946965612	0.906618585560148	0.93315957444215	-0.0265409888820022
8	"10_4x"	0.454545454545455	0.312001923570936	"shift_4x"	0.554571239093241	-0.0368127946965612	0.312001923570936	0.285404622512934	0.0265973010580025
8	"10_4x"	0.545454545454545	-0.832311734778318	"shift_4x"	0.554571239093241	-0.0368127946965612	-0.832311734778318	-0.49658681359892	-0.335724921179398
8	"10_4x"	0.636363636363636	-0.314123823211694	"shift_4x"	0.554571239093241	-0.0368127946965612	-0.314123823211694	-1.01961324225406	0.705489419042368
8	"10_4x"	0.727272727272727	-2.00988953083864	"shift_4x"	0.554571239093241	-0.0368127946965612	-2.00988953083864	-0.937981432826729	-1.07190809801191
8	"10_4x"	0.818181818181818	-0.867276739692797	"shift_4x"	0.554571239093241	-0.0368127946965612	-0.867276739692797	-0.422614320803519	-0.444662418889279
8	"10_4x"	0.909090909090909	-0.129989046583287	"shift_4x"	0.554571239093241	-0.0368127946965612	-0.129989046583287	0.0220378382112224	-0.152026884794509
8	"10_4x"	1	0.00063726335081231	"shift_4x"	0.554571239093241	-0.0368127946965612	0.00063726335081231	-0.114019333879755	0.114656597230567
9	"2"	0	1.63095796264578	"baseline"	-0.0993449710576812	0.38367846210942	1.63095796264578	0.188200952178812	1.44275701046697
9	"2"	0.0909090909090909	0.13222204821264	"baseline"	-0.0993449710576812	0.38367846210942	0.13222204821264	0.628711505044801	-0.496489456832162
9	"2"	0.181818181818182	1.33588241950996	"baseline"	-0.0993449710576812	0.38367846210942	1.33588241950996	0.576980265858377	0.758902153651587
9	"2"	0.272727272727273	0.242217402243995	"baseline"	-0.0993449710576812	0.38367846210942	0.242217402243995	0.305776541519234	-0.0635591392752394
9	"2"	0.363636363636364	-0.800220579277241	"baseline"	-0.0993449710576812	0.38367846210942	-0.800220579277241	0.0856287266340956	-0.885849305911337
9	"2"	0.454545454545455	-0.351179407080918	"baseline"	-0.0993449710576812	0.38367846210942	-0.351179407080918	0.0522547976327048	-0.403434204713623
9	"2"	0.545454545454545	-0.119561366280994	"baseline"	-0.0993449710576812	0.38367846210942	-0.119561366280994	0.132328583989069	-0.251889950270063
9	"2"	0.636363636363636	0.640733297642	"baseline"	-0.0993449710576812	0.38367846210942	0.640733297642	0.234130997858634	0.406602299783365
9	"2"	0.727272727272727	0.848581673539039	"baseline"	-0.0993449710576812	0.38367846210942	0.848581673539039	0.265680702868284	0.582900970670756
9	"2"	0.818181818181818	0.694213895450392	"baseline"	-0.0993449710576812	0.38367846210942	0.694213895450392	0.128399613688111	0.565814281762281
9	"2"	0.909090909090909	1.38402742044016	"baseline"	-0.0993449710576812	0.38367846210942	1.38402742044016	-0.280514788004088	1.66454220844425
9	"2"	1	-1.70997835530721	"baseline"	-0.0993449710576812	0.38367846210942	-1.70997835530721	-1.06393524198633	-0.646043113320871
10	"2_1x"	0	1.63095796264578	"shift_1x"	0.0829351808038764	0.391055611965163	1.63095796264578	0.346070885537905	1.28488707710787
10	"2_1x"	0.0909090909090909	0.326119108184755	"shift_1x"	0.0829351808038764	0.391055611965163	0.326119108184755	0.810625576873681	-0.484506468688926
10	"2_1x"	0.181818181818182	1.74774974688	"shift_1x"	0.0829351808038764	0.391055611965163	1.74774974688	0.820424276129942	0.92732547075006
10	"2_1x"	0.272727272727273	0.632211429268728	"shift_1x"	0.0829351808038764	0.391055611965163	0.632211429268728	0.584387427233983	0.047824002034745
10	"2_1x"	0.363636363636364	-0.615647945580109	"shift_1x"	0.0829351808038764	0.391055611965163	-0.615647945580109	0.310104445940276	-0.925752391520385
10	"2_1x"	0.454545454545455	-0.303913645726132	"shift_1x"	0.0829351808038764	0.391055611965163	-0.303913645726132	0.125091795060622	-0.429005440786754
10	"2_1x"	0.545454545454545	-0.21525097919453	"shift_1x"	0.0829351808038764	0.391055611965163	-0.21525097919453	0.032577754483107	-0.247828733677637
10	"2_1x"	0.636363636363636	0.441751125175679	"shift_1x"	0.0829351808038764	0.391055611965163	0.441751125175679	0.025339521009959	0.41641160416572
10	"2_1x"	0.727272727272727	0.466566426711012	"shift_1x"	0.0829351808038764	0.391055611965163	0.466566426711012	0.0851314655464899	0.381434961164522
10	"2_1x"	0.818181818181818	0.394938427783878	"shift_1x"	0.0829351808038764	0.391055611965163	0.394938427783878	0.0699262208667745	0.325012206917104
10	"2_1x"	0.909090909090909	1.28081986359307	"shift_1x"	0.0829351808038764	0.391055611965163	1.28081986359307	-0.242182040970159	1.52300190456323
10	"2_1x"	1	-1.70997835530721	"shift_1x"	0.0829351808038764	0.391055611965163	-1.70997835530721	-1.07442694309337	-0.635551412213836
11	"2_2x"	0	1.63095796264578	"shift_2x"	0.257665873036193	0.3943773624606	1.63095796264578	0.497697897666177	1.1332600649796
11	"2_2x"	0.0909090909090909	0.520016168156681	"shift_2x"	0.257665873036193	0.3943773624606	0.520016168156681	0.979585940763778	-0.459569772607098
11	"2_2x"	0.181818181818182	2.15961707424985	"shift_2x"	0.257665873036193	0.3943773624606	2.15961707424985	1.0488935445767	1.11072352967315
11	"2_2x"	0.272727272727273	1.02220545629327	"shift_2x"	0.257665873036193	0.3943773624606	1.02220545629327	0.849694993020381	0.172510463272887
11	"2_2x"	0.363636363636364	-0.431075311882976	"shift_2x"	0.257665873036193	0.3943773624606	-0.431075311882976	0.525637494914697	-0.956712806797673
11	"2_2x"	0.454545454545455	-0.256647884371364	"shift_2x"	0.257665873036193	0.3943773624606	-0.256647884371364	0.194675967416527	-0.451323851787891
11	"2_2x"	0.545454545454545	-0.310940592108084	"shift_2x"	0.257665873036193	0.3943773624606	-0.310940592108084	-0.0653159050128671	-0.245624687095217
11	"2_2x"	0.636363636363636	0.242768952709356	"shift_2x"	0.257665873036193	0.3943773624606	0.242768952709356	-0.179038974145538	0.421807926854894
11	"2_2x"	0.727272727272727	0.0845511798829841	"shift_2x"	0.257665873036193	0.3943773624606	0.0845511798829841	-0.0926043413707485	0.177155521253733
11	"2_2x"	0.818181818181818	0.0956629601171742	"shift_2x"	0.257665873036193	0.3943773624606	0.0956629601171742	0.0110116396643855	0.0846513204527888
11	"2_2x"	0.909090909090909	1.1776123067458	"shift_2x"	0.257665873036193	0.3943773624606	1.1776123067458	-0.204052292035526	1.38166459878133
11	"2_2x"	1	-1.70997835530721	"shift_2x"	0.257665873036193	0.3943773624606	-1.70997835530721	-1.07619875645666	-0.633779598850545
12	"2_4x"	0	1.63095796264578	"shift_4x"	0.620686429401446	0.408325433943748	1.63095796264578	0.812162845210448	0.81879511743533
12	"2_4x"	0.0909090909090909	0.907810288100721	"shift_4x"	0.620686429401446	0.408325433943748	0.907810288100721	1.3408023053618	-0.432992017261077
12	"2_4x"	0.181818181818182	2.98335172898993	"shift_4x"	0.620686429401446	0.408325433943748	2.98335172898993	1.53275464917084	1.4505970798191
12	"2_4x"	0.272727272727273	1.80219351034273	"shift_4x"	0.620686429401446	0.408325433943748	1.80219351034273	1.40421331808749	0.397980192255243
12	"2_4x"	0.363636363636364	-0.0619300444886346	"shift_4x"	0.620686429401446	0.408325433943748	-0.0619300444886346	0.972763060154184	-1.03469310464282
12	"2_4x"	0.454545454545455	-0.162116361661827	"shift_4x"	0.620686429401446	0.408325433943748	-0.162116361661827	0.339687849008414	-0.501804210670241
12	"2_4x"	0.545454545454545	-0.502319817935177	"shift_4x"	0.620686429401446	0.408325433943748	-0.502319817935177	-0.264426116774144	-0.237893701161033
12	"2_4x"	0.636363636363636	-0.155195392223323	"shift_4x"	0.620686429401446	0.408325433943748	-0.155195392223323	-0.595698290694844	0.44050289847152
12	"2_4x"	0.727272727272727	-0.679479313773093	"shift_4x"	0.620686429401446	0.408325433943748	-0.679479313773093	-0.453103020230875	-0.226376293542218
12	"2_4x"	0.818181818181818	-0.502887975216044	"shift_4x"	0.620686429401446	0.408325433943748	-0.502887975216044	-0.106009179691541	-0.396878795524502
12	"2_4x"	0.909090909090909	0.971197193051631	"shift_4x"	0.620686429401446	0.408325433943748	0.971197193051631	-0.127435913666784	1.09863310671841
12	"2_4x"	1	-1.70997835530721	"shift_4x"	0.620686429401446	0.408325433943748	-1.70997835530721	-1.09544985219044	-0.614528503116762
13	"3"	0	1.34607205975093	"baseline"	-0.107145071643864	0.204096520844855	1.34607205975093	0.195574282487717	1.15049777726321
13	"3"	0.0909090909090909	0.0956758178356675	"baseline"	-0.107145071643864	0.204096520844855	0.0956758178356675	0.361846194061496	-0.266170376225829
13	"3"	0.181818181818182	0.748122117237848	"baseline"	-0.107145071643864	0.204096520844855	0.748122117237848	0.33269199575575	0.415430121482098
13	"3"	0.272727272727273	0.563748347962892	"baseline"	-0.107145071643864	0.204096520844855	0.563748347962892	0.20951713460625	0.354231213356641
13	"3"	0.363636363636364	-1.244901863559	"baseline"	-0.107145071643864	0.204096520844855	-1.244901863559	0.0929652179909453	-1.33786708154994
13	"3"	0.454545454545455	-0.432927603941767	"baseline"	-0.107145071643864	0.204096520844855	-0.432927603941767	0.0378485536078985	-0.470776157549666
13	"3"	0.545454545454545	-1.4494286038547	"baseline"	-0.107145071643864	0.204096520844855	-1.4494286038547	0.0278769632311172	-1.47730556708582
13	"3"	0.636363636363636	0.984713444601421	"baseline"	-0.107145071643864	0.204096520844855	0.984713444601421	0.0406310078848699	0.944082436716551
13	"3"	0.727272727272727	0.0535769739915687	"baseline"	-0.107145071643864	0.204096520844855	0.0535769739915687	0.0504228064913488	0.00315416750021992
13	"3"	0.818181818181818	-0.236027460928426	"baseline"	-0.107145071643864	0.204096520844855	-0.236027460928426	-0.00596558581602377	-0.230061875112402
13	"3"	0.909090909090909	-0.759778324993384	"baseline"	-0.107145071643864	0.204096520844855	-0.759778324993384	-0.215961763591806	-0.543816561401578
13	"3"	1	-0.97666877404102	"baseline"	-0.107145071643864	0.204096520844855	-0.97666877404102	-0.667395750982628	-0.309273023058392
14	"3_1x"	0	1.34607205975093	"shift_1x"	0.0661962135673572	0.203708212412862	1.34607205975093	0.346285927822832	0.999786131928099
14	"3_1x"	0.0909090909090909	0.289207415503898	"shift_1x"	0.0661962135673572	0.203708212412862	0.289207415503898	0.524139322188352	-0.234931906684454
14	"3_1x"	0.181818181818182	1.14823423856244	"shift_1x"	0.0661962135673572	0.203708212412862	1.14823423856244	0.554538858193427	0.593695380369018
14	"3_1x"	0.272727272727273	0.960172993902044	"shift_1x"	0.0661962135673572	0.203708212412862	0.960172993902044	0.470982054530108	0.489190939371936
14	"3_1x"	0.363636363636364	-1.06477604270469	"shift_1x"	0.0661962135673572	0.203708212412862	-1.06477604270469	0.30713254807089	-1.37190859077558
14	"3_1x"	0.454545454545455	-0.385866213079148	"shift_1x"	0.0661962135673572	0.203708212412862	-0.385866213079148	0.106647433014905	-0.492513646094053
14	"3_1x"	0.545454545454545	-1.53846888058039	"shift_1x"	0.0661962135673572	0.203708212412862	-1.53846888058039	-0.0714723060405881	-1.4669965745398
14	"3_1x"	0.636363636363636	0.782291470665457	"shift_1x"	0.0661962135673572	0.203708212412862	0.782291470665457	-0.166282047832472	0.948573518497929
14	"3_1x"	0.727272727272727	-0.313333183545134	"shift_1x"	0.0661962135673572	0.203708212412862	-0.313333183545134	-0.130481673670622	-0.182851509874512
14	"3_1x"	0.818181818181818	-0.521349308249354	"shift_1x"	0.0661962135673572	0.203708212412862	-0.521349308249354	-0.0672241093876174	-0.454125198861736
14	"3_1x"	0.909090909090909	-0.852266853113363	"shift_1x"	0.0661962135673572	0.203708212412862	-0.852266853113363	-0.176775039815814	-0.675491813297549
14	"3_1x"	1	-0.97666877404102	"shift_1x"	0.0661962135673572	0.203708212412862	-0.97666877404102	-0.661014425437696	-0.315654348603324
15	"3_2x"	0	1.34607205975093	"shift_2x"	0.249606777022814	0.214888573517722	1.34607205975093	0.504838748229557	0.841233311521374
15	"3_2x"	0.0909090909090909	0.482739013172125	"shift_2x"	0.249606777022814	0.214888573517722	0.482739013172125	0.712611929777104	-0.229872916604979
15	"3_2x"	0.181818181818182	1.54834635988704	"shift_2x"	0.249606777022814	0.214888573517722	1.54834635988704	0.804394574782796	0.743951785104247
15	"3_2x"	0.272727272727273	1.356597639841	"shift_2x"	0.249606777022814	0.214888573517722	1.356597639841	0.753088473245459	0.603509166595543
15	"3_2x"	0.363636363636364	-0.884650221850373	"shift_2x"	0.249606777022814	0.214888573517722	-0.884650221850373	0.532645242317134	-1.41729546416751
15	"3_2x"	0.454545454545455	-0.338804822216532	"shift_2x"	0.249606777022814	0.214888573517722	-0.338804822216532	0.180172758313973	-0.518977580530505
15	"3_2x"	0.545454545454545	-1.62750915730606	"shift_2x"	0.249606777022814	0.214888573517722	-1.62750915730606	-0.169562941968305	-1.45794621533775
15	"3_2x"	0.636363636363636	0.579869496729492	"shift_2x"	0.249606777022814	0.214888573517722	0.579869496729492	-0.372125271784852	0.951994768514344
15	"3_2x"	0.727272727272727	-0.680243341081795	"shift_2x"	0.249606777022814	0.214888573517722	-0.680243341081795	-0.307476794173901	-0.372766546907894
15	"3_2x"	0.818181818181818	-0.806671155570278	"shift_2x"	0.249606777022814	0.214888573517722	-0.806671155570278	-0.123191353700737	-0.683479801869541
15	"3_2x"	0.909090909090909	-0.944755381233343	"shift_2x"	0.249606777022814	0.214888573517722	-0.944755381233343	-0.139591999804514	-0.805163381428829
15	"3_2x"	1	-0.97666877404102	"shift_2x"	0.249606777022814	0.214888573517722	-0.97666877404102	-0.679873339049102	-0.296795434991918
16	"3_4x"	0	1.34607205975093	"shift_4x"	0.593831168024437	0.223016046571358	1.34607205975093	0.803423431902581	0.54264862784835
16	"3_4x"	0.0909090909090909	0.869802208508583	"shift_4x"	0.593831168024437	0.223016046571358	0.869802208508583	1.04775717670705	-0.177954968198466
16	"3_4x"	0.181818181818182	2.34857060253605	"shift_4x"	0.593831168024437	0.223016046571358	2.34857060253605	1.25655135157499	1.09201925096105
16	"3_4x"	0.272727272727273	2.14944693171912	"shift_4x"	0.593831168024437	0.223016046571358	2.14944693171912	1.27649684319611	0.872950088523008
16	"3_4x"	0.363636363636364	-0.524398580141764	"shift_4x"	0.593831168024437	0.223016046571358	-0.524398580141764	0.957101769289753	-1.48150034943152
16	"3_4x"	0.454545454545455	-0.244682040491297	"shift_4x"	0.593831168024437	0.223016046571358	-0.244682040491297	0.31735526403534	-0.562037304526637
16	"3_4x"	0.545454545454545	-1.80558971075741	"shift_4x"	0.593831168024437	0.223016046571358	-1.80558971075741	-0.361455843027271	-1.44413386773014
16	"3_4x"	0.636363636363636	0.175025548857753	"shift_4x"	0.593831168024437	0.223016046571358	0.175025548857753	-0.772968484794641	0.947994033652394
16	"3_4x"	0.727272727272727	-1.4140636561551	"shift_4x"	0.593831168024437	0.223016046571358	-1.4140636561551	-0.655651639208648	-0.758412016946454
16	"3_4x"	0.818181818181818	-1.37731485021213	"shift_4x"	0.593831168024437	0.223016046571358	-1.37731485021213	-0.238045735436179	-1.13926911477595
16	"3_4x"	0.909090909090909	-1.12973243747332	"shift_4x"	0.593831168024437	0.223016046571358	-1.12973243747332	-0.0650600316494551	-1.06467240582387
16	"3_4x"	1	-0.97666877404102	"shift_4x"	0.593831168024437	0.223016046571358	-0.97666877404102	-0.686862688170964	-0.289806085870056
17	"4"	0	1.41165245233934	"baseline"	0.148844500883273	-0.440293972915085	1.41165245233934	0.468886962450131	0.942765489889204
17	"4"	0.0909090909090909	-1.80818693189288	"baseline"	0.148844500883273	-0.440293972915085	-1.80818693189288	-0.328943440148924	-1.47924349174396
17	"4"	0.181818181818182	-0.333758517670829	"baseline"	0.148844500883273	-0.440293972915085	-0.333758517670829	-0.179609680248935	-0.154148837421894
17	"4"	0.272727272727273	0.366491885936153	"baseline"	0.148844500883273	-0.440293972915085	0.366491885936153	0.292758773850997	0.0737331120851561
17	"4"	0.363636363636364	1.28363249876456	"baseline"	0.148844500883273	-0.440293972915085	1.28363249876456	0.470092794303132	0.813539704461425
17	"4"	0.454545454545455	-0.919032502775694	"baseline"	0.148844500883273	-0.440293972915085	-0.919032502775694	0.0989055856903232	-1.01793808846602
17	"4"	0.545454545454545	-0.443687637549789	"baseline"	0.148844500883273	-0.440293972915085	-0.443687637549789	-0.509299191339218	0.0656115537894283
17	"4"	0.636363636363636	-1.6221831822891	"baseline"	0.148844500883273	-0.440293972915085	-1.6221831822891	-0.99196088946741	-0.63022229282169
17	"4"	0.727272727272727	-0.564945572265933	"baseline"	0.148844500883273	-0.440293972915085	-0.564945572265933	-1.01756077999302	0.452615207727083
17	"4"	0.818181818181818	-0.577021077254673	"baseline"	0.148844500883273	-0.440293972915085	-0.577021077254673	-0.587977546500904	0.0109564692462302
17	"4"	0.909090909090909	1.43519624200568	"baseline"	0.148844500883273	-0.440293972915085	1.43519624200568	0.0796358803230026	1.35556036168268
17	"4"	1	0.563110903043979	"baseline"	0.148844500883273	-0.440293972915085	0.563110903043979	0.764548131915264	-0.201437228871285
18	"4_1x"	0	1.41165245233934	"shift_1x"	0.313611857020412	-0.430956447996393	1.41165245233934	0.611378974015859	0.800273478323476
18	"4_1x"	0.0909090909090909	-1.63369396172192	"shift_1x"	0.313611857020412	-0.430956447996393	-1.63369396172192	-0.16064946688762	-1.4730444948343
18	"4_1x"	0.181818181818182	0.0447159909554869	"shift_1x"	0.313611857020412	-0.430956447996393	0.0447159909554869	0.0439273061079954	0.000788684847491512
18	"4_1x"	0.272727272727273	0.758971402634666	"shift_1x"	0.313611857020412	-0.430956447996393	0.758971402634666	0.54585748553438	0.213113917100286
18	"4_1x"	0.363636363636364	1.48904366324221	"shift_1x"	0.313611857020412	-0.430956447996393	1.48904366324221	0.672749468191978	0.816294195050232
18	"4_1x"	0.454545454545455	-0.87318637416016	"shift_1x"	0.313611857020412	-0.430956447996393	-0.87318637416016	0.164912767812128	-1.03809914197229
18	"4_1x"	0.545454545454545	-0.537756619106984	"shift_1x"	0.313611857020412	-0.430956447996393	-0.537756619106984	-0.597847570241935	0.0600909511349504
18	"4_1x"	0.636363636363636	-1.7985361899561	"shift_1x"	0.313611857020412	-0.430956447996393	-1.7985361899561	-1.17767835842344	-0.620857831532667
18	"4_1x"	0.727272727272727	-0.920103801423696	"shift_1x"	0.313611857020412	-0.430956447996393	-0.920103801423696	-1.17744345309672	0.257339651673026
18	"4_1x"	0.818181818181818	-0.857228020330714	"shift_1x"	0.313611857020412	-0.430956447996393	-0.857228020330714	-0.638795178630382	-0.218432841700332
18	"4_1x"	0.909090909090909	1.33173284105064	"shift_1x"	0.313611857020412	-0.430956447996393	1.33173284105064	0.113300189475312	1.21843265157533
18	"4_1x"	1	0.563110903043979	"shift_1x"	0.313611857020412	-0.430956447996393	0.563110903043979	0.749166934680994	-0.186056031637015
19	"4_2x"	0	1.41165245233934	"shift_2x"	0.492832691968451	-0.429274909859234	1.41165245233934	0.767038423008483	0.644614029330852
19	"4_2x"	0.0909090909090909	-1.45920099155093	"shift_2x"	0.492832691968451	-0.429274909859234	-1.45920099155093	0.0101589077020819	-1.46935989925301
19	"4_2x"	0.181818181818182	0.42319049958186	"shift_2x"	0.492832691968451	-0.429274909859234	0.42319049958186	0.276016481049442	0.147174018532418
19	"4_2x"	0.272727272727273	1.15145091933318	"shift_2x"	0.492832691968451	-0.429274909859234	1.15145091933318	0.817170985021827	0.334279934311354
19	"4_2x"	0.363636363636364	1.69445482771967	"shift_2x"	0.492832691968451	-0.429274909859234	1.69445482771967	0.893984260249716	0.800470567469955
19	"4_2x"	0.454545454545455	-0.827340245544628	"shift_2x"	0.492832691968451	-0.429274909859234	-0.827340245544628	0.236176410587647	-1.06351665613227
19	"4_2x"	0.545454545454545	-0.631825600664179	"shift_2x"	0.492832691968451	-0.429274909859234	-0.631825600664179	-0.69930336589104	0.0674777652268602
19	"4_2x"	0.636363636363636	-1.97488919762313	"shift_2x"	0.492832691968451	-0.429274909859234	-1.97488919762313	-1.38925745625903	-0.585631741364094
19	"4_2x"	0.727272727272727	-1.27526203058146	"shift_2x"	0.492832691968451	-0.429274909859234	-1.27526203058146	-1.36189301528921	0.0866309847077518
19	"4_2x"	0.818181818181818	-1.13743496340674	"shift_2x"	0.492832691968451	-0.429274909859234	-1.13743496340674	-0.700541169401622	-0.436893794005114
19	"4_2x"	0.909090909090909	1.2282694400956	"shift_2x"	0.492832691968451	-0.429274909859234	1.2282694400956	0.153046938778545	1.07522250131706
19	"4_2x"	1	0.563110903043979	"shift_2x"	0.492832691968451	-0.429274909859234	0.563110903043979	0.751162260470035	-0.188051357426056
20	"4_4x"	0	1.41165245233934	"shift_4x"	0.828572369656286	-0.42026305609603	1.41165245233934	1.05817786506568	0.353474587273658
20	"4_4x"	0.0909090909090909	-1.11021505120898	"shift_4x"	0.828572369656286	-0.42026305609603	-1.11021505120898	0.33861089043271	-1.4488259416417
20	"4_4x"	0.181818181818182	1.1801395168348	"shift_4x"	0.828572369656286	-0.42026305609603	1.1801395168348	0.718443259477336	0.461696257357461
20	"4_4x"	0.272727272727273	1.9364099527304	"shift_4x"	0.828572369656286	-0.42026305609603	1.9364099527304	1.32818828540777	0.608221667322631
20	"4_4x"	0.363636363636364	2.10527715667479	"shift_4x"	0.828572369656286	-0.42026305609603	2.10527715667479	1.30787593436963	0.797401222305155
20	"4_4x"	0.454545454545455	-0.735647988313543	"shift_4x"	0.828572369656286	-0.42026305609603	-0.735647988313543	0.370045844646797	-1.10569383296034
20	"4_4x"	0.545454545454545	-0.819963563778586	"shift_4x"	0.828572369656286	-0.42026305609603	-0.819963563778586	-0.885808490769821	0.065844926991235
20	"4_4x"	0.636363636363636	-2.32759521295715	"shift_4x"	0.828572369656286	-0.42026305609603	-2.32759521295715	-1.77899546980388	-0.548599743153273
20	"4_4x"	0.727272727272727	-1.98557848889698	"shift_4x"	0.828572369656286	-0.42026305609603	-1.98557848889698	-1.7001365310551	-0.285441957841882
20	"4_4x"	0.818181818181818	-1.69784884955882	"shift_4x"	0.828572369656286	-0.42026305609603	-1.69784884955882	-0.811736366217491	-0.886112483341326
20	"4_4x"	0.909090909090909	1.02134263818572	"shift_4x"	0.828572369656286	-0.42026305609603	1.02134263818572	0.225341258431806	0.796001379753911
20	"4_4x"	1	0.563110903043979	"shift_4x"	0.828572369656286	-0.42026305609603	0.563110903043979	0.741948506351292	-0.178837603307313
21	"5"	0	-0.000415834473059785	"baseline"	-0.0382865446694628	0.0932866709053084	-0.000415834473059785	0.26416467719366	-0.26458051166672
21	"5"	0.0909090909090909	0.953464288943869	"baseline"	-0.0382865446694628	0.0932866709053084	0.953464288943869	0.266393196613904	0.687071092329965
21	"5"	0.181818181818182	-0.31704152287107	"baseline"	-0.0382865446694628	0.0932866709053084	-0.31704152287107	0.276457649548996	-0.593499172420066
21	"5"	0.272727272727273	-0.121740204585299	"baseline"	-0.0382865446694628	0.0932866709053084	-0.121740204585299	0.261323370730399	-0.383063575315698
21	"5"	0.363636363636364	0.165247050749075	"baseline"	-0.0382865446694628	0.0932866709053084	0.165247050749075	0.188499499742288	-0.0232524489932135
21	"5"	0.454545454545455	1.19124491493337	"baseline"	-0.0382865446694628	0.0932866709053084	1.19124491493337	0.0582097807657976	1.13303513416757
21	"5"	0.545454545454545	0.438273288620584	"baseline"	-0.0382865446694628	0.0932866709053084	0.438273288620584	-0.0786984185185879	0.516971707139172
21	"5"	0.636363636363636	0.252443264402951	"baseline"	-0.0382865446694628	0.0932866709053084	0.252443264402951	-0.166520335477609	0.41896359988056
21	"5"	0.727272727272727	-1.31633021662523	"baseline"	-0.0382865446694628	0.0932866709053084	-1.31633021662523	-0.15908132438145	-1.15724889224378
21	"5"	0.818181818181818	0.127803966970572	"baseline"	-0.0382865446694628	0.0932866709053084	0.127803966970572	-0.114784138551864	0.242588105522436
21	"5"	0.909090909090909	0.0112247690166839	"baseline"	-0.0382865446694628	0.0932866709053084	0.0112247690166839	-0.159535992355306	0.17076076137199
21	"5"	1	-0.80489642141803	"baseline"	-0.0382865446694628	0.0932866709053084	-0.80489642141803	-0.420366206139582	-0.384530215278448
22	"5_1x"	0	-0.000415834473059785	"shift_1x"	0.135647706063432	0.0885213656511365	-0.000415834473059785	0.415736745005092	-0.416152579478152
22	"5_1x"	0.0909090909090909	1.15557377132317	"shift_1x"	0.135647706063432	0.0885213656511365	1.15557377132317	0.422917651823139	0.73265611950003
22	"5_1x"	0.181818181818182	0.0617673256513937	"shift_1x"	0.135647706063432	0.0885213656511365	0.0617673256513937	0.493354905871065	-0.431587580219671
22	"5_1x"	0.272727272727273	0.260974670302744	"shift_1x"	0.135647706063432	0.0885213656511365	0.260974670302744	0.521624143706477	-0.260649473403734
22	"5_1x"	0.363636363636364	0.359474360746309	"shift_1x"	0.135647706063432	0.0885213656511365	0.359474360746309	0.403812991644836	-0.044338630898528
22	"5_1x"	0.454545454545455	1.2423667370933	"shift_1x"	0.135647706063432	0.0885213656511365	1.2423667370933	0.126968446511261	1.11539829058204
22	"5_1x"	0.545454545454545	0.339794502432446	"shift_1x"	0.135647706063432	0.0885213656511365	0.339794502432446	-0.181041266243018	0.520835768675464
22	"5_1x"	0.636363636363636	0.057343992268892	"shift_1x"	0.135647706063432	0.0885213656511365	0.057343992268892	-0.379082377089835	0.436426369358727
22	"5_1x"	0.727272727272727	-1.65721213754017	"shift_1x"	0.135647706063432	0.0885213656511365	-1.65721213754017	-0.346047405140398	-1.31116473239977
22	"5_1x"	0.818181818181818	-0.162975351768774	"shift_1x"	0.135647706063432	0.0885213656511365	-0.162975351768774	-0.179592979318985	0.0166176275502106
22	"5_1x"	0.909090909090909	-0.0851187745732447	"shift_1x"	0.135647706063432	0.0885213656511365	-0.0851187745732447	-0.118599520540275	0.0334807459670306
22	"5_1x"	1	-0.80489642141803	"shift_1x"	0.135647706063432	0.0885213656511365	-0.80489642141803	-0.404294969560592	-0.400601451857439
23	"5_2x"	0	-0.000415834473059785	"shift_2x"	0.307240750956725	0.0997878662596186	-0.000415834473059785	0.564010116846529	-0.564425951319589
23	"5_2x"	0.0909090909090909	1.35768325370247	"shift_2x"	0.307240750956725	0.0997878662596186	1.35768325370247	0.600412179426296	0.757271074276172
23	"5_2x"	0.181818181818182	0.440576174173645	"shift_2x"	0.307240750956725	0.0997878662596186	0.440576174173645	0.728164083878345	-0.287587909704701
23	"5_2x"	0.272727272727273	0.643689545190841	"shift_2x"	0.307240750956725	0.0997878662596186	0.643689545190841	0.785933297646291	-0.14224375245545
23	"5_2x"	0.363636363636364	0.553701670743733	"shift_2x"	0.307240750956725	0.0997878662596186	0.553701670743733	0.614719218253983	-0.0610175475102507
23	"5_2x"	0.454545454545455	1.29348855925304	"shift_2x"	0.307240750956725	0.0997878662596186	1.29348855925304	0.195807175103503	1.09768138414953
23	"5_2x"	0.545454545454545	0.241315716244311	"shift_2x"	0.307240750956725	0.0997878662596186	0.241315716244311	-0.272322593041971	0.513638309286282
23	"5_2x"	0.636363636363636	-0.137755279864977	"shift_2x"	0.307240750956725	0.0997878662596186	-0.137755279864977	-0.570751953668112	0.432996673803136
23	"5_2x"	0.727272727272727	-1.9980940584551	"shift_2x"	0.307240750956725	0.0997878662596186	-1.9980940584551	-0.510635169761822	-1.48745888869328
23	"5_2x"	0.818181818181818	-0.453754670508194	"shift_2x"	0.307240750956725	0.0997878662596186	-0.453754670508194	-0.231338377442323	-0.222416293065871
23	"5_2x"	0.909090909090909	-0.181462318163309	"shift_2x"	0.307240750956725	0.0997878662596186	-0.181462318163309	-0.0841100617621549	-0.0973522564011544
23	"5_2x"	1	-0.80489642141803	"shift_2x"	0.307240750956725	0.0997878662596186	-0.80489642141803	-0.42372076316697	-0.38117565825106
24	"5_4x"	0	-0.000415834473059785	"shift_4x"	0.649106867556268	0.110742795401338	-0.000415834473059785	0.860321968330277	-0.860737802803336
24	"5_4x"	0.0909090909090909	1.76190221846107	"shift_4x"	0.649106867556268	0.110742795401338	1.76190221846107	0.937428147807051	0.824474070654017
24	"5_4x"	0.181818181818182	1.19819387121853	"shift_4x"	0.649106867556268	0.110742795401338	1.19819387121853	1.18098448601791	0.0172093852006148
24	"5_4x"	0.272727272727273	1.40911929496704	"shift_4x"	0.649106867556268	0.110742795401338	1.40911929496704	1.3071122005972	0.10200709436984
24	"5_4x"	0.363636363636364	0.942156290738581	"shift_4x"	0.649106867556268	0.110742795401338	0.942156290738581	1.03599532057792	-0.0938390298393403
24	"5_4x"	0.454545454545455	1.3957322035727	"shift_4x"	0.649106867556268	0.110742795401338	1.3957322035727	0.332231413777442	1.06350078979526
24	"5_4x"	0.545454545454545	0.0443581438682304	"shift_4x"	0.649106867556268	0.110742795401338	0.0443581438682304	-0.461152294874799	0.50551043874303
24	"5_4x"	0.636363636363636	-0.527953824132832	"shift_4x"	0.649106867556268	0.110742795401338	-0.527953824132832	-0.96559324512474	0.437639420991909
24	"5_4x"	0.727272727272727	-2.67985790028496	"shift_4x"	0.649106867556268	0.110742795401338	-2.67985790028496	-0.852838427898882	-1.82701947238608
24	"5_4x"	0.818181818181818	-1.03531330798702	"shift_4x"	0.649106867556268	0.110742795401338	-1.03531330798702	-0.34320465752797	-0.692108650459047
24	"5_4x"	0.909090909090909	-0.374149405343379	"shift_4x"	0.649106867556268	0.110742795401338	-0.374149405343379	-0.0111532975757347	-0.362996107767644
24	"5_4x"	1	-0.80489642141803	"shift_4x"	0.649106867556268	0.110742795401338	-0.80489642141803	-0.437032547983952	-0.367863873434079
25	"6"	0	-0.0281566075703447	"baseline"	-0.241185590999201	0.4336862574858	-0.0281566075703447	0.0609612497658733	-0.089117857336218
25	"6"	0.0909090909090909	0.0669203348612757	"baseline"	-0.241185590999201	0.4336862574858	0.0669203348612757	0.567724828894676	-0.5008044940334
25	"6"	0.181818181818182	0.508539105539254	"baseline"	-0.241185590999201	0.4336862574858	0.508539105539254	0.460274475285412	0.048264630253842
25	"6"	0.272727272727273	0.693600048790239	"baseline"	-0.241185590999201	0.4336862574858	0.693600048790239	0.115203719356316	0.578396329433923
25	"6"	0.363636363636364	0.25046606201205	"baseline"	-0.241185590999201	0.4336862574858	0.25046606201205	-0.0943149145421747	0.344780976554224
25	"6"	0.454545454545455	1.15810093173719	"baseline"	-0.241185590999201	0.4336862574858	1.15810093173719	-0.000912252789956519	1.15901318452714
25	"6"	0.545454545454545	0.767502197173862	"baseline"	-0.241185590999201	0.4336862574858	0.767502197173862	0.24375915500139	0.523743042172472
25	"6"	0.636363636363636	1.20889192733632	"baseline"	-0.241185590999201	0.4336862574858	1.20889192733632	0.459554490813232	0.749337436523087
25	"6"	0.727272727272727	1.33202208194994	"baseline"	-0.241185590999201	0.4336862574858	1.33202208194994	0.475518054091266	0.856504027858672
25	"6"	0.818181818181818	0.688794914597337	"baseline"	-0.241185590999201	0.4336862574858	0.688794914597337	0.216463542524557	0.47233137207278
25	"6"	0.909090909090909	0.546625593788789	"baseline"	-0.241185590999201	0.4336862574858	0.546625593788789	-0.330928108789623	0.877553702578413
25	"6"	1	-1.52867595503712	"baseline"	-0.241185590999201	0.4336862574858	-1.52867595503712	-1.17894756461465	-0.349728390422476
26	"6_1x"	0	-0.0281566075703447	"shift_1x"	-0.0628209685769863	0.44086508293717	-0.0281566075703447	0.215443146841073	-0.243599754411418
26	"6_1x"	0.0909090909090909	0.260164377699835	"shift_1x"	-0.0628209685769863	0.44086508293717	0.260164377699835	0.745673632358717	-0.485509254658883
26	"6_1x"	0.181818181818182	0.903859566629811	"shift_1x"	-0.0628209685769863	0.44086508293717	0.903859566629811	0.698437107939135	0.205422458690676
26	"6_1x"	0.272727272727273	1.09262172874593	"shift_1x"	-0.0628209685769863	0.44086508293717	1.09262172874593	0.387811060198288	0.704810668547642
26	"6_1x"	0.363636363636364	0.445545562121988	"shift_1x"	-0.0628209685769863	0.44086508293717	0.445545562121988	0.125342646241635	0.320202915880354
26	"6_1x"	0.454545454545455	1.20913989393909	"shift_1x"	-0.0628209685769863	0.44086508293717	1.20913989393909	0.0703576352575884	1.1387822586815
26	"6_1x"	0.545454545454545	0.667377266442989	"shift_1x"	-0.0628209685769863	0.44086508293717	0.667377266442989	0.146126884128316	0.521250382314673
26	"6_1x"	0.636363636363636	1.00422816857301	"shift_1x"	-0.0628209685769863	0.44086508293717	1.00422816857301	0.255203020543428	0.749025148029578
26	"6_1x"	0.727272727272727	0.940821467362006	"shift_1x"	-0.0628209685769863	0.44086508293717	0.940821467362006	0.298797587692368	0.642023879669638
26	"6_1x"	0.818181818181818	0.389600731643433	"shift_1x"	-0.0628209685769863	0.44086508293717	0.389600731643433	0.159215776521762	0.230384955121671
26	"6_1x"	0.909090909090909	0.447605046074866	"shift_1x"	-0.0628209685769863	0.44086508293717	0.447605046074866	-0.293404064010965	0.741009110085831
26	"6_1x"	1	-1.52867595503712	"shift_1x"	-0.0628209685769863	0.44086508293717	-1.52867595503712	-1.18912583063644	-0.339550124400686
27	"6_2x"	0	-0.0281566075703447	"shift_2x"	0.117925420012977	0.435819297911443	-0.0281566075703447	0.372958933753371	-0.401115541323716
27	"6_2x"	0.0909090909090909	0.453408420538396	"shift_2x"	0.117925420012977	0.435819297911443	0.453408420538396	0.908192740749837	-0.45478432021144
27	"6_2x"	0.181818181818182	1.29918002772056	"shift_2x"	0.117925420012977	0.435819297911443	1.29918002772056	0.923706716747571	0.37547331097299
27	"6_2x"	0.272727272727273	1.49164340870143	"shift_2x"	0.117925420012977	0.435819297911443	1.49164340870143	0.658262366542975	0.833381042158455
27	"6_2x"	0.363636363636364	0.640625062232118	"shift_2x"	0.117925420012977	0.435819297911443	0.640625062232118	0.349097763987793	0.291527298244325
27	"6_2x"	0.454545454545455	1.2601788561408	"shift_2x"	0.117925420012977	0.435819297911443	1.2601788561408	0.141803325255576	1.11837553088522
27	"6_2x"	0.545454545454545	0.567252335712112	"shift_2x"	0.117925420012977	0.435819297911443	0.567252335712112	0.0397188616781088	0.527533474034004
27	"6_2x"	0.636363636363636	0.799564409809691	"shift_2x"	0.117925420012977	0.435819297911443	0.799564409809691	0.0342100077979916	0.765354402011699
27	"6_2x"	0.727272727272727	0.549620852774077	"shift_2x"	0.117925420012977	0.435819297911443	0.549620852774077	0.104392244371348	0.445228608402729
27	"6_2x"	0.818181818181818	0.0904065486897199	"shift_2x"	0.117925420012977	0.435819297911443	0.0904065486897199	0.0917970458638856	-0.00139049717416571
27	"6_2x"	0.909090909090909	0.348584498360939	"shift_2x"	0.117925420012977	0.435819297911443	0.348584498360939	-0.250829662137781	0.59941416049872
27	"6_2x"	1	-1.52867595503712	"shift_2x"	0.117925420012977	0.435819297911443	-1.52867595503712	-1.1722178090337	-0.35645814600342
28	"6_4x"	0	-0.0281566075703447	"shift_4x"	0.483485594146223	0.437900477579334	-0.0281566075703447	0.690566793795993	-0.718723401366338
28	"6_4x"	0.0909090909090909	0.839896506215324	"shift_4x"	0.483485594146223	0.437900477579334	0.839896506215324	1.25464469756303	-0.414748191347705
28	"6_4x"	0.181818181818182	2.08982094990167	"shift_4x"	0.483485594146223	0.437900477579334	2.08982094990167	1.39534396151435	0.69447698838732
28	"6_4x"	0.272727272727273	2.28968676861281	"shift_4x"	0.483485594146223	0.437900477579334	2.28968676861281	1.21103121541626	1.07865555319655
28	"6_4x"	0.363636363636364	1.030784062452	"shift_4x"	0.483485594146223	0.437900477579334	1.030784062452	0.800482074703858	0.23030198774814
28	"6_4x"	0.454545454545455	1.3622567805446	"shift_4x"	0.483485594146223	0.437900477579334	1.3622567805446	0.287076209693423	1.07518057085118
28	"6_4x"	0.545454545454545	0.367002474250555	"shift_4x"	0.483485594146223	0.437900477579334	0.367002474250555	-0.168040411977805	0.53504288622836
28	"6_4x"	0.636363636363636	0.390236892283253	"shift_4x"	0.483485594146223	0.437900477579334	0.390236892283253	-0.398874925255123	0.789111817538376
28	"6_4x"	0.727272727272727	-0.232780376401574	"shift_4x"	0.483485594146223	0.437900477579334	-0.232780376401574	-0.273510654995608	0.0407302785940339
28	"6_4x"	0.818181818181818	-0.507981817217919	"shift_4x"	0.483485594146223	0.437900477579334	-0.507981817217919	-0.0351771392691657	-0.472804677948753
28	"6_4x"	0.909090909090909	0.150543402933089	"shift_4x"	0.483485594146223	0.437900477579334	0.150543402933089	-0.169259458416145	0.319802861349234
28	"6_4x"	1	-1.52867595503712	"shift_4x"	0.483485594146223	0.437900477579334	-1.52867595503712	-1.16516797019108	-0.363507984846045
29	"7"	0	-1.05853107602901	"baseline"	-1.36666091436965	-0.0656471288030601	-1.05853107602901	-0.878030012867948	-0.180501063161065
29	"7"	0.0909090909090909	-1.44301029124767	"baseline"	-1.36666091436965	-0.0656471288030601	-1.44301029124767	-1.21131175098256	-0.231698540265111
29	"7"	0.181818181818182	-2.62650938999931	"baseline"	-1.36666091436965	-0.0656471288030601	-2.62650938999931	-1.6348590496596	-0.991650340339706
29	"7"	0.272727272727273	-2.14616535059096	"baseline"	-1.36666091436965	-0.0656471288030601	-2.14616535059096	-1.81854450815036	-0.3276208424406
29	"7"	0.363636363636364	-1.4772769049638	"baseline"	-1.36666091436965	-0.0656471288030601	-1.4772769049638	-1.43743715017187	-0.0398397547919247
29	"7"	0.454545454545455	-0.969741736010933	"baseline"	-1.36666091436965	-0.0656471288030601	-0.969741736010933	-0.479216250833858	-0.490525485177075
29	"7"	0.545454545454545	-0.211427485651512	"baseline"	-1.36666091436965	-0.0656471288030601	-0.211427485651512	0.584455717637849	-0.79588320328936
29	"7"	0.636363636363636	3.59407147879269	"baseline"	-1.36666091436965	-0.0656471288030601	3.59407147879269	1.23629148596933	2.35777999282336
29	"7"	0.727272727272727	0.277589203135105	"baseline"	-1.36666091436965	-0.0656471288030601	0.277589203135105	1.02585800356665	-0.748268800431541
29	"7"	0.818181818181818	-0.110989922124926	"baseline"	-1.36666091436965	-0.0656471288030601	-0.110989922124926	0.231045405414931	-0.342035327539857
29	"7"	0.909090909090909	-0.0823101104224313	"baseline"	-1.36666091436965	-0.0656471288030601	-0.0823101104224313	-0.400052989771287	0.317742879348856
29	"7"	1	-0.567714595609614	"baseline"	-1.36666091436965	-0.0656471288030601	-0.567714595609614	-0.111527819763478	-0.456186775846136
30	"7_1x"	0	-1.05853107602901	"shift_1x"	-1.20127604454351	-0.0738742742072347	-1.05853107602901	-0.733616853052364	-0.324914222976648
30	"7_1x"	0.0909090909090909	-1.26486555467025	"shift_1x"	-1.20127604454351	-0.0738742742072347	-1.26486555467025	-1.06782260157787	-0.197042953092375
30	"7_1x"	0.181818181818182	-2.2938898988195	"shift_1x"	-1.20127604454351	-0.0738742742072347	-2.2938898988195	-1.43344482604041	-0.860445072779086
30	"7_1x"	0.272727272727273	-1.80393897862297	"shift_1x"	-1.20127604454351	-0.0738742742072347	-1.80393897862297	-1.57277712810529	-0.231161850517672
30	"7_1x"	0.363636363636364	-1.29947483452352	"shift_1x"	-1.20127604454351	-0.0738742742072347	-1.29947483452352	-1.23235764020773	-0.0671171943157898
30	"7_1x"	0.454545454545455	-0.924022380478496	"shift_1x"	-1.20127604454351	-0.0738742742072347	-0.924022380478496	-0.414070038583317	-0.509952341895179
30	"7_1x"	0.545454545454545	-0.306657767968193	"shift_1x"	-1.20127604454351	-0.0738742742072347	-0.306657767968193	0.484901756512842	-0.791559524481035
30	"7_1x"	0.636363636363636	3.36555592451501	"shift_1x"	-1.20127604454351	-0.0738742742072347	3.36555592451501	1.03000374759705	2.33555217691796
30	"7_1x"	0.727272727272727	-0.0935771867553134	"shift_1x"	-1.20127604454351	-0.0738742742072347	-0.0935771867553134	0.843484427162728	-0.937061613918041
30	"7_1x"	0.818181818181818	-0.398187332527944	"shift_1x"	-1.20127604454351	-0.0738742742072347	-0.398187332527944	0.166600211101428	-0.564787543629372
30	"7_1x"	0.909090909090909	-0.178185979615297	"shift_1x"	-1.20127604454351	-0.0738742742072347	-0.178185979615297	-0.359763907418866	0.181577927803569
30	"7_1x"	1	-0.567714595609614	"shift_1x"	-1.20127604454351	-0.0738742742072347	-0.567714595609614	-0.0880800317843536	-0.479634563825261
31	"7_2x"	0	-1.05853107602901	"shift_2x"	-1.03670577281725	-0.0789650568407382	-1.05853107602901	-0.590158994518246	-0.468372081510766
31	"7_2x"	0.0909090909090909	-1.08672081809282	"shift_2x"	-1.03670577281725	-0.0789650568407382	-1.08672081809282	-0.920566004153537	-0.166154813939285
31	"7_2x"	0.181818181818182	-1.96127040763969	"shift_2x"	-1.03670577281725	-0.0789650568407382	-1.96127040763969	-1.22898382722305	-0.732286580416633
31	"7_2x"	0.272727272727273	-1.46171260665499	"shift_2x"	-1.03670577281725	-0.0789650568407382	-1.46171260665499	-1.32676380680813	-0.134948799846869
31	"7_2x"	0.363636363636364	-1.12167276408325	"shift_2x"	-1.03670577281725	-0.0789650568407382	-1.12167276408325	-1.02858082684371	-0.0930919372395425
31	"7_2x"	0.454545454545455	-0.87830302494604	"shift_2x"	-1.03670577281725	-0.0789650568407382	-0.87830302494604	-0.349049739336349	-0.529253285609691
31	"7_2x"	0.545454545454545	-0.401888050284893	"shift_2x"	-1.03670577281725	-0.0789650568407382	-0.401888050284893	0.387715688780781	-0.789603739065674
31	"7_2x"	0.636363636363636	3.13704037023713	"shift_2x"	-1.03670577281725	-0.0789650568407382	3.13704037023713	0.828228018506868	2.30881235173026
31	"7_2x"	0.727272727272727	-0.464743576645694	"shift_2x"	-1.03670577281725	-0.0789650568407382	-0.464743576645694	0.665859949082558	-1.13060352572825
31	"7_2x"	0.818181818181818	-0.685384742930921	"shift_2x"	-1.03670577281725	-0.0789650568407382	-0.685384742930921	0.104836072063935	-0.790220814994856
31	"7_2x"	0.909090909090909	-0.274061848808125	"shift_2x"	-1.03670577281725	-0.0789650568407382	-0.274061848808125	-0.320816394380761	0.0467545455726359
31	"7_2x"	1	-0.567714595609614	"shift_2x"	-1.03670577281725	-0.0789650568407382	-0.567714595609614	-0.0715880240297703	-0.496126571579844
32	"7_4x"	0	-1.05853107602901	"shift_4x"	-0.709901848441779	-0.0893886028849712	-1.05853107602901	-0.305255367517393	-0.753275708511619
32	"7_4x"	0.0909090909090909	-0.730431344937969	"shift_4x"	-0.709901848441779	-0.0893886028849712	-0.730431344937969	-0.628597783170367	-0.101833561767602
32	"7_4x"	0.181818181818182	-1.29603142528004	"shift_4x"	-0.709901848441779	-0.0893886028849712	-1.29603142528004	-0.823374814829037	-0.472656610451006
32	"7_4x"	0.272727272727273	-0.777259862719029	"shift_4x"	-0.709901848441779	-0.0893886028849712	-0.777259862719029	-0.838377983168896	0.0611181204498671
32	"7_4x"	0.363636363636364	-0.766068623202731	"shift_4x"	-0.709901848441779	-0.0893886028849712	-0.766068623202731	-0.623890785251116	-0.142177837951615
32	"7_4x"	0.454545454545455	-0.786864313881147	"shift_4x"	-0.709901848441779	-0.0893886028849712	-0.786864313881147	-0.219952109766801	-0.566912204114346
32	"7_4x"	0.545454545454545	-0.592348614918272	"shift_4x"	-0.709901848441779	-0.0893886028849712	-0.592348614918272	0.194532839881604	-0.786881454799876
32	"7_4x"	0.636363636363636	2.68000926168137	"shift_4x"	-0.709901848441779	-0.0893886028849712	2.68000926168137	0.427186557606083	2.25282270407529
32	"7_4x"	0.727272727272727	-1.20707635642645	"shift_4x"	-0.709901848441779	-0.0893886028849712	-1.20707635642645	0.312742059443713	-1.51981841587017
32	"7_4x"	0.818181818181818	-1.25977956373688	"shift_4x"	-0.709901848441779	-0.0893886028849712	-1.25977956373688	-0.0180551941236851	-1.24172436961319
32	"7_4x"	0.909090909090909	-0.465813587193803	"shift_4x"	-0.709901848441779	-0.0893886028849712	-0.465813587193803	-0.24335831729106	-0.222455269902743
32	"7_4x"	1	-0.567714595609614	"shift_4x"	-0.709901848441779	-0.0893886028849712	-0.567714595609614	-0.0381438037888489	-0.529570791820765
33	"8"	0	-1.02628773843507	"baseline"	-0.585938635755678	0.000765588429247306	-1.02628773843507	-0.204602896349839	-0.821684842085236
33	"8"	0.0909090909090909	-0.473857633182843	"baseline"	-0.585938635755678	0.000765588429247306	-0.473857633182843	-0.381840720939485	-0.0920169122433589
33	"8"	0.181818181818182	-0.513327711892568	"baseline"	-0.585938635755678	0.000765588429247306	-0.513327711892568	-0.546745858357104	0.0334181464645356
33	"8"	0.272727272727273	-0.465709878008602	"baseline"	-0.585938635755678	0.000765588429247306	-0.465709878008602	-0.608849722038269	0.143139844029667
33	"8"	0.363636363636364	-2.16696213598342	"baseline"	-0.585938635755678	0.000765588429247306	-2.16696213598342	-0.479277850337043	-1.68768428564638
33	"8"	0.454545454545455	0.558614129712512	"baseline"	-0.585938635755678	0.000765588429247306	0.558614129712512	-0.165056298357936	0.723670428070449
33	"8"	0.545454545454545	1.13660087917764	"baseline"	-0.585938635755678	0.000765588429247306	1.13660087917764	0.178328740424507	0.958272138753128
33	"8"	0.636363636363636	-0.61004691251621	"baseline"	-0.585938635755678	0.000765588429247306	-0.61004691251621	0.381334109785051	-0.991381022301261
33	"8"	0.727272727272727	0.35807138157383	"baseline"	-0.585938635755678	0.000765588429247306	0.35807138157383	0.295855619716071	0.0622157618577593
33	"8"	0.818181818181818	0.0651292011259672	"baseline"	-0.585938635755678	0.000765588429247306	0.0651292011259672	0.00717994255923171	0.0579492585667355
33	"8"	0.909090909090909	0.532266761759084	"baseline"	-0.585938635755678	0.000765588429247306	0.532266761759084	-0.248725954285881	0.780992716044966
33	"8"	1	-0.555089242093593	"baseline"	-0.585938635755678	0.000765588429247306	-0.555089242093593	-0.233390391023789	-0.321698851069804
34	"8_1x"	0	-1.02628773843507	"shift_1x"	-0.417657646017586	-0.00249513616264378	-1.02628773843507	-0.0580636438556619	-0.968224094579413
34	"8_1x"	0.0909090909090909	-0.286021370024767	"shift_1x"	-0.417657646017586	-0.00249513616264378	-0.286021370024767	-0.228453046217252	-0.0575683238075152
34	"8_1x"	0.181818181818182	-0.138444587150616	"shift_1x"	-0.417657646017586	-0.00249513616264378	-0.138444587150616	-0.335137443121824	0.196692855971208
34	"8_1x"	0.272727272727273	-0.0898743965888892	"shift_1x"	-0.417657646017586	-0.00249513616264378	-0.0898743965888892	-0.356374344477514	0.266499947888625
34	"8_1x"	0.363636363636364	-1.99605691785336	"shift_1x"	-0.417657646017586	-0.00249513616264378	-1.99605691785336	-0.271090097527983	-1.72496682032538
34	"8_1x"	0.454545454545455	0.608154374909294	"shift_1x"	-0.417657646017586	-0.00249513616264378	0.608154374909294	-0.0984474484057342	0.706601823315028
34	"8_1x"	0.545454545454545	1.03463045503678	"shift_1x"	-0.417657646017586	-0.00249513616264378	1.03463045503678	0.0801308242994924	0.954499630737291
34	"8_1x"	0.636363636363636	-0.796521282880945	"shift_1x"	-0.417657646017586	-0.00249513616264378	-0.796521282880945	0.177204952407216	-0.973726235288161
34	"8_1x"	0.727272727272727	-0.0146241697067252	"shift_1x"	-0.417657646017586	-0.00249513616264378	-0.0146241697067252	0.116645212311257	-0.131269382017982
34	"8_1x"	0.818181818181818	-0.224709996125722	"shift_1x"	-0.417657646017586	-0.00249513616264378	-0.224709996125722	-0.0544919868408151	-0.170218009284907
34	"8_1x"	0.909090909090909	0.433318008205345	"shift_1x"	-0.417657646017586	-0.00249513616264378	0.433318008205345	-0.209618381810422	0.642936390015767
34	"8_1x"	1	-0.555089242093593	"shift_1x"	-0.417657646017586	-0.00249513616264378	-0.555089242093593	-0.220823675706653	-0.334265566386939
35	"8_2x"	0	-1.02628773843507	"shift_2x"	-0.243458359074837	-0.00132609421817864	-1.02628773843507	0.0932710973259881	-1.11955883576106
35	"8_2x"	0.0909090909090909	-0.0981851068666171	"shift_2x"	-0.243458359074837	-0.00132609421817864	-0.0981851068666171	-0.0631030959355892	-0.035082010931028
35	"8_2x"	0.181818181818182	0.236438537591256	"shift_2x"	-0.243458359074837	-0.00132609421817864	0.236438537591256	-0.110158259259074	0.34659679685033
35	"8_2x"	0.272727272727273	0.285961084830633	"shift_2x"	-0.243458359074837	-0.00132609421817864	0.285961084830633	-0.0928816587134163	0.378842743544049
35	"8_2x"	0.363636363636364	-1.8251516997233	"shift_2x"	-0.243458359074837	-0.00132609421817864	-1.8251516997233	-0.0560100504333561	-1.76914164928995
35	"8_2x"	0.454545454545455	0.657694620106075	"shift_2x"	-0.243458359074837	-0.00132609421817864	0.657694620106075	-0.0292098332289459	0.686904453335021
35	"8_2x"	0.545454545454545	0.932660030895932	"shift_2x"	-0.243458359074837	-0.00132609421817864	0.932660030895932	-0.0187645457120446	0.951424576607977
35	"8_2x"	0.636363636363636	-0.98299565324568	"shift_2x"	-0.243458359074837	-0.00132609421817864	-0.98299565324568	-0.0289714858607287	-0.954024167384951
35	"8_2x"	0.727272727272727	-0.387319720987531	"shift_2x"	-0.243458359074837	-0.00132609421817864	-0.387319720987531	-0.0632151735220713	-0.32410454746546
35	"8_2x"	0.818181818181818	-0.514549193377468	"shift_2x"	-0.243458359074837	-0.00132609421817864	-0.514549193377468	-0.114863243244816	-0.399685950132652
35	"8_2x"	0.909090909090909	0.334369254651606	"shift_2x"	-0.243458359074837	-0.00132609421817864	0.334369254651606	-0.170813447391765	0.505182702043371
35	"8_2x"	1	-0.555089242093593	"shift_2x"	-0.243458359074837	-0.00132609421817864	-0.555089242093593	-0.217855991455674	-0.337233250637919
36	"8_4x"	0	-1.02628773843507	"shift_4x"	0.0952660103333351	0.0124603710688941	-1.02628773843507	0.386628742667895	-1.41291648110297
36	"8_4x"	0.0909090909090909	0.277487419449419	"shift_4x"	0.0952660103333351	0.0124603710688941	0.277487419449419	0.275053416991124	0.00243400245829467
36	"8_4x"	0.181818181818182	0.986204787075238	"shift_4x"	0.0952660103333351	0.0124603710688941	0.986204787075238	0.342326091730947	0.643878695344291
36	"8_4x"	0.272727272727273	1.03763204766987	"shift_4x"	0.0952660103333351	0.0124603710688941	1.03763204766987	0.424887094578777	0.612744953091094
36	"8_4x"	0.363636363636364	-1.48334126346316	"shift_4x"	0.0952660103333351	0.0124603710688941	-1.48334126346316	0.361117408023264	-1.84445867148643
36	"8_4x"	0.454545454545455	0.756775110499447	"shift_4x"	0.0952660103333351	0.0124603710688941	0.756775110499447	0.106145325714683	0.650629784784763
36	"8_4x"	0.545454545454545	0.728719182614419	"shift_4x"	0.0952660103333351	0.0124603710688941	0.728719182614419	-0.204080596681225	0.932799779295644
36	"8_4x"	0.636363636363636	-1.35594439397517	"shift_4x"	0.0952660103333351	0.0124603710688941	-1.35594439397517	-0.416873018899427	-0.939071375075742
36	"8_4x"	0.727272727272727	-1.13271082354897	"shift_4x"	0.0952660103333351	0.0124603710688941	-1.13271082354897	-0.398626295671617	-0.734084527877352
36	"8_4x"	0.818181818181818	-1.09422758788094	"shift_4x"	0.0952660103333351	0.0124603710688941	-1.09422758788094	-0.223462768609062	-0.870764819271877
36	"8_4x"	0.909090909090909	0.136471747543937	"shift_4x"	0.0952660103333351	0.0124603710688941	0.136471747543937	-0.099609862910067	0.236081610454004
36	"8_4x"	1	-0.555089242093593	"shift_4x"	0.0952660103333351	0.0124603710688941	-0.555089242093593	-0.237524191505039	-0.317565050588554
37	"9"	0	0.740138808413367	"baseline"	-0.155513591821686	-0.303484940409671	0.740138808413367	0.193533835138515	0.546604973274852
37	"9"	0.0909090909090909	-1.29499335530493	"baseline"	-0.155513591821686	-0.303484940409671	-1.29499335530493	-0.417167752631861	-0.877825602673074
37	"9"	0.181818181818182	-0.451324967344946	"baseline"	-0.155513591821686	-0.303484940409671	-0.451324967344946	-0.391543740932895	-0.0597812264120505
37	"9"	0.272727272727273	-0.231233967910828	"baseline"	-0.155513591821686	-0.303484940409671	-0.231233967910828	-0.10228751270102	-0.128946455209808
37	"9"	0.363636363636364	0.182199452518476	"baseline"	-0.155513591821686	-0.303484940409671	0.182199452518476	0.0811858405936894	0.101013611924787
37	"9"	0.454545454545455	0.221524755532553	"baseline"	-0.155513591821686	-0.303484940409671	0.221524755532553	-0.0133209497274558	0.234845705260009
37	"9"	0.545454545454545	-0.161425895479499	"baseline"	-0.155513591821686	-0.303484940409671	-0.161425895479499	-0.252301128114046	0.090875232634547
37	"9"	0.636363636363636	-0.790243998716369	"baseline"	-0.155513591821686	-0.303484940409671	-0.790243998716369	-0.474936167485659	-0.315307831230709
37	"9"	0.727272727272727	0.0614141887095511	"baseline"	-0.155513591821686	-0.303484940409671	0.0614141887095511	-0.530598411362624	0.592012600072175
37	"9"	0.818181818181818	-1.03689377254754	"baseline"	-0.155513591821686	-0.303484940409671	-1.03689377254754	-0.376486588292574	-0.660407184254963
37	"9"	0.909090909090909	0.453377520648599	"baseline"	-0.155513591821686	-0.303484940409671	0.453377520648599	-0.0394338416637878	0.492811362312387
37	"9"	1	0.471713744281709	"baseline"	-0.155513591821686	-0.303484940409671	0.471713744281709	0.452569173584491	0.0191445706972174
38	"9_1x"	0	0.740138808413367	"shift_1x"	0.00868352398803363	-0.300290838082809	0.740138808413367	0.336014345665905	0.404124462747463
38	"9_1x"	0.0909090909090909	-1.11536844936808	"shift_1x"	0.00868352398803363	-0.300290838082809	-1.11536844936808	-0.258288175951066	-0.857080273417014
38	"9_1x"	0.181818181818182	-0.0752017877119841	"shift_1x"	0.00868352398803363	-0.300290838082809	-0.0752017877119841	-0.17675294241865	0.101551154706666
38	"9_1x"	0.272727272727273	0.149291031710666	"shift_1x"	0.00868352398803363	-0.300290838082809	0.149291031710666	0.147060238999809	0.00223079271085674
38	"9_1x"	0.363636363636364	0.376596286533524	"shift_1x"	0.00868352398803363	-0.300290838082809	0.376596286533524	0.283718696311853	0.0928775902216711
38	"9_1x"	0.454545454545455	0.270222277293714	"shift_1x"	0.00868352398803363	-0.300290838082809	0.270222277293714	0.0520729382129373	0.218149339080776
38	"9_1x"	0.545454545454545	-0.256906185747059	"shift_1x"	0.00868352398803363	-0.300290838082809	-0.256906185747059	-0.344249272478034	0.0873430867309754
38	"9_1x"	0.636363636363636	-0.974916398219122	"shift_1x"	0.00868352398803363	-0.300290838082809	-0.974916398219122	-0.66691179371517	-0.308004604503952
38	"9_1x"	0.727272727272727	-0.305644875906726	"shift_1x"	0.00868352398803363	-0.300290838082809	-0.305644875906726	-0.697529171713853	0.391884295807127
38	"9_1x"	0.818181818181818	-1.31020262519417	"shift_1x"	0.00868352398803363	-0.300290838082809	-1.31020262519417	-0.431794094406156	-0.878408530788012
38	"9_1x"	0.909090909090909	0.354823213300363	"shift_1x"	0.00868352398803363	-0.300290838082809	0.354823213300363	-0.00362953894830371	0.358452752248667
38	"9_1x"	1	0.471713744281709	"shift_1x"	0.00868352398803363	-0.300290838082809	0.471713744281709	0.450743757741499	0.0209699865402095
39	"9_2x"	0	0.740138808413367	"shift_2x"	0.183929075154196	-0.293790111975594	0.740138808413367	0.487838360172445	0.252300448240922
39	"9_2x"	0.0909090909090909	-0.935743543431224	"shift_2x"	0.183929075154196	-0.293790111975594	-0.935743543431224	-0.0842497524034011	-0.851493791027823
39	"9_2x"	0.181818181818182	0.30092139192092	"shift_2x"	0.183929075154196	-0.293790111975594	0.30092139192092	0.0565240543285891	0.244397337592331
39	"9_2x"	0.272727272727273	0.52981603133239	"shift_2x"	0.183929075154196	-0.293790111975594	0.52981603133239	0.41464052407371	0.11517550725868
39	"9_2x"	0.363636363636364	0.570993120548574	"shift_2x"	0.183929075154196	-0.293790111975594	0.570993120548574	0.499587316104428	0.0714058044441452
39	"9_2x"	0.454545454545455	0.318919799055065	"shift_2x"	0.183929075154196	-0.293790111975594	0.318919799055065	0.122061728064925	0.196858070990141
39	"9_2x"	0.545454545454545	-0.352386476014615	"shift_2x"	0.183929075154196	-0.293790111975594	-0.352386476014615	-0.440509357284452	0.0881228812698365
39	"9_2x"	0.636363636363636	-1.15958879772185	"shift_2x"	0.183929075154196	-0.293790111975594	-1.15958879772185	-0.868313735251922	-0.291275062469932
39	"9_2x"	0.727272727272727	-0.672703940523003	"shift_2x"	0.183929075154196	-0.293790111975594	-0.672703940523003	-0.871846634675609	0.199142694152606
39	"9_2x"	0.818181818181818	-1.58351147784082	"shift_2x"	0.183929075154196	-0.293790111975594	-1.58351147784082	-0.488462640126929	-1.09504883771389
39	"9_2x"	0.909090909090909	0.256268905952321	"shift_2x"	0.183929075154196	-0.293790111975594	0.256268905952321	0.0334423525792487	0.222826553373072
39	"9_2x"	1	0.471713744281709	"shift_2x"	0.183929075154196	-0.293790111975594	0.471713744281709	0.441964372546883	0.0297493717348257
40	"9_4x"	0	0.740138808413367	"shift_4x"	0.52622561695004	-0.288049455800587	0.740138808413367	0.784935332015809	-0.0447965236024419
40	"9_4x"	0.0909090909090909	-0.57649373155753	"shift_4x"	0.52622561695004	-0.288049455800587	-0.57649373155753	0.245634780117924	-0.822128511675453
40	"9_4x"	0.181818181818182	1.05316775118673	"shift_4x"	0.52622561695004	-0.288049455800587	1.05316775118673	0.503094040931051	0.550073710255678
40	"9_4x"	0.272727272727273	1.29086603057545	"shift_4x"	0.52622561695004	-0.288049455800587	1.29086603057545	0.934016033075902	0.356849997499549
40	"9_4x"	0.363636363636364	0.959786788578864	"shift_4x"	0.52622561695004	-0.288049455800587	0.959786788578864	0.921887922040725	0.0378988665381389
40	"9_4x"	0.454545454545455	0.416314842577768	"shift_4x"	0.52622561695004	-0.288049455800587	0.416314842577768	0.258328490110802	0.157986352466966
40	"9_4x"	0.545454545454545	-0.543347056549713	"shift_4x"	0.52622561695004	-0.288049455800587	-0.543347056549713	-0.632747484965574	0.0894004284158616
40	"9_4x"	0.636363636363636	-1.52893359672732	"shift_4x"	0.52622561695004	-0.288049455800587	-1.52893359672732	-1.2695558889231	-0.259377707804219
40	"9_4x"	0.727272727272727	-1.4068220697556	"shift_4x"	0.52622561695004	-0.288049455800587	-1.4068220697556	-1.22098377676833	-0.185838292987266
40	"9_4x"	0.818181818181818	-2.1301291831341	"shift_4x"	0.52622561695004	-0.288049455800587	-2.1301291831341	-0.604461323018207	-1.52566786011589
40	"9_4x"	0.909090909090909	0.0591602912558554	"shift_4x"	0.52622561695004	-0.288049455800587	0.0591602912558554	0.108421415150531	-0.0492611238946761
40	"9_4x"	1	0.471713744281709	"shift_4x"	0.52622561695004	-0.288049455800587	0.471713744281709	0.440187289300245	0.031526454981464
